5.3579046841534e-08
5.55454413944895e-08
5.67660202141446e-08
5.75249799436457e-08
5.82316908277682e-08
5.89601882242601e-08
5.98142311661296e-08
6.08226263313625e-08
6.19989956075435e-08
6.33867307330407e-08
6.42571791687645e-08
6.51185342802969e-08
6.60326853927739e-08
6.71079155340099e-08
6.83496396824013e-08
6.9758275652226e-08
7.07174078223727e-08
7.16503158175649e-08
7.26260015871395e-08
7.37531832008014e-08
7.50414724532039e-08
7.64902350007945e-08
7.74793115172936e-08
7.84516366773045e-08
7.9471125423052e-08
8.06434326017974e-08
8.19735338653326e-08
8.29620725235841e-08
8.39304075404493e-08
8.49463682519143e-08
8.6113252165594e-08
8.73585410621897e-08
8.90888502314709e-08
9.1141064041938e-08
9.34248709878718e-08
9.54140007509829e-08
9.68659915875478e-08
9.83733727524652e-08
1.00127405049352e-07
1.02222402300897e-07
1.04558331305122e-07
1.06155722846658e-07
1.07715418306313e-07
1.09354763989788e-07
1.11261195306946e-07
1.13446491185797e-07
1.15048181655504e-07
1.16617068740022e-07
1.18268602221457e-07
1.20182519336845e-07
1.22357960261287e-07
1.24340674977438e-07
1.25945657427713e-07
1.27584575924674e-07
1.29438519442423e-07
1.31543219238001e-07
1.33759512612688e-07
1.35470781969834e-07
1.37181309970183e-07
1.38985258871627e-07
1.41048540207828e-07
1.43275147701078e-07
1.4577991077506e-07
1.48663532154334e-07
1.52060313201389e-07
1.55823855475568e-07
1.58463798679164e-07
1.61030119936493e-07
1.63728708530359e-07
1.66878450625501e-07
1.70597496435708e-07
1.73230390404256e-07
1.75822011167893e-07
1.7856479865892e-07
1.81767215893333e-07
1.85425289924492e-07
1.88115811099049e-07
1.90791784922078e-07
1.93627724839141e-07
1.96917514892008e-07
2.00644569183678e-07
2.03376957832345e-07
2.06117447627061e-07
2.09027409078171e-07
2.12392101690347e-07
2.15182466426964e-07
2.17896524125971e-07
2.20739588984233e-07
2.23998441112648e-07
2.27654930112187e-07
2.30610903836022e-07
2.35682906661804e-07
2.39831615013386e-07
2.44126086935535e-07
2.49065682435246e-07
2.54907214074943e-07
2.59163689275374e-07
2.63370796100308e-07
2.67999808074585e-07
2.73288022338723e-07
2.79313171083958e-07
2.83710506816913e-07
2.8813353123838e-07
2.93026189679552e-07
2.98571827782799e-07
3.02879460521578e-07
3.07212872034512e-07
3.1202066706116e-07
3.17459609390518e-07
3.22636831290643e-07
3.27024722128021e-07
3.3158342221969e-07
3.36810235014127e-07
3.42726276149058e-07
3.47349794849787e-07
3.52015691114795e-07
3.56980271306827e-07
3.62694858895937e-07
3.67485655707412e-07
3.72197265328659e-07
3.77137486286295e-07
3.86009477194728e-07
3.93122538583945e-07
4.00429481589461e-07
4.08728461759514e-07
4.18472894391773e-07
4.25524248850089e-07
4.32647332667928e-07
4.40628208131753e-07
4.4975944767193e-07
4.56816622185272e-07
4.63996263957085e-07
4.72062589161741e-07
4.81237915706947e-07
4.88465876912406e-07
4.95807601514515e-07
5.04003381796307e-07
5.13258226160601e-07
5.20869699689877e-07
5.28403967172613e-07
5.36386035111654e-07
5.45627485925425e-07
5.53392598903921e-07
5.61117048332084e-07
5.69292334093919e-07
5.78694237047613e-07
5.86603209235255e-07
5.94482526298596e-07
6.0280698043303e-07
6.12332203415837e-07
6.20344724372949e-07
6.29928291106458e-07
6.41391884197068e-07
6.5530396134505e-07
6.70879496213864e-07
6.82997198142984e-07
6.95208684829127e-07
7.087969821307e-07
7.24220750358766e-07
7.3625881663521e-07
7.48571887105038e-07
7.62435562085045e-07
7.74409950419422e-07
7.8634631498373e-07
7.99573815066395e-07
8.14540385305661e-07
8.2728138630938e-07
8.39952682757367e-07
8.53401227163921e-07
8.68942513394865e-07
8.82036656720915e-07
8.95136229689854e-07
9.09027422504697e-07
9.21637459143001e-07
9.34369545461156e-07
9.47971187151661e-07
9.63646306642761e-07
9.77118183201596e-07
9.90567429653364e-07
1.00474049431377e-06
1.01805833641962e-06
1.03219398711179e-06
1.0528641991122e-06
1.07855059807891e-06
1.09925042710629e-06
1.12038970570829e-06
1.14413686488227e-06
1.16453543977362e-06
1.18485577411582e-06
1.20734053963223e-06
1.23281834584318e-06
1.2533745386102e-06
1.27457128617803e-06
1.29850598650598e-06
1.31905291536822e-06
1.33980689622543e-06
1.36293952188665e-06
1.38351538716816e-06
1.40432561118116e-06
1.4274650316796e-06
1.45058606155178e-06
1.47284607286183e-06
1.49533378928021e-06
1.51933164910886e-06
1.54100868416442e-06
1.56313943514415e-06
1.58682753504494e-06
1.60919710267096e-06
1.63140797137111e-06
1.65483145376198e-06
1.67708842951793e-06
1.70827060331393e-06
1.74038068688636e-06
1.77316968446497e-06
1.81074572588474e-06
1.84875693498967e-06
1.88398590291326e-06
1.92042771474836e-06
1.95854332642315e-06
1.99247378611016e-06
2.0278031899554e-06
2.06847009353628e-06
2.10348453741799e-06
2.1392415491471e-06
2.17886428536679e-06
2.21355478183335e-06
2.24917160631236e-06
2.28520778877431e-06
2.32041628358253e-06
2.35674866984659e-06
2.39402541186299e-06
2.43039924155218e-06
2.46772916916999e-06
2.50321113894378e-06
2.53857962847119e-06
2.57631383677754e-06
2.61351437473154e-06
2.65097038788079e-06
2.6905098014222e-06
2.72847874475216e-06
2.76616132229178e-06
2.81767369314914e-06
2.87747096680037e-06
2.93901944960576e-06
2.99671944511065e-06
3.05699241129192e-06
3.11238825059857e-06
3.16898014270101e-06
3.23292944941906e-06
3.29036684081533e-06
3.34892291838733e-06
3.4146062369223e-06
3.47271460013051e-06
3.53227209916087e-06
3.59291492655544e-06
3.65228019709392e-06
3.71371015412827e-06
3.77217925946245e-06
3.83104015376614e-06
3.89650868953586e-06
3.95620442055748e-06
4.0175185157718e-06
4.0803018632279e-06
4.14187967876363e-06
4.20528625955084e-06
4.26580331711331e-06
4.32674553560895e-06
4.39191609002814e-06
4.45503228809026e-06
4.51919647266561e-06
4.58025324833992e-06
4.65989863532905e-06
4.7524029891476e-06
4.86314612575897e-06
4.95974315100713e-06
5.05848983024778e-06
5.1504457370662e-06
5.24496294589624e-06
5.35248747119787e-06
5.44984658348432e-06
5.54991014877758e-06
5.64540166702858e-06
5.74154664203059e-06
5.84922379557029e-06
5.94776070022848e-06
6.04959514687127e-06
6.14742862870642e-06
6.24641737015469e-06
6.35683513696125e-06
6.45742077787521e-06
6.561507434203e-06
6.66118550620013e-06
6.76237513245687e-06
6.86114637164548e-06
6.9618404193714e-06
7.07391545742506e-06
7.17976957714159e-06
7.2859293007178e-06
7.38676296037214e-06
7.48892741450489e-06
7.59161368147946e-06
7.72687117662057e-06
7.88377682179908e-06
8.07116679253998e-06
8.23468029086619e-06
8.40380547943309e-06
8.55925670459318e-06
8.72186801776441e-06
8.87979898207375e-06
9.04233801729181e-06
9.20151006800413e-06
9.3644818494943e-06
9.54828851314574e-06
9.71514544768946e-06
9.88853130577731e-06
1.00534606624061e-05
1.02222827497443e-05
1.03845279520805e-05
1.05517217016971e-05
1.0715850572288e-05
1.08854703185204e-05
1.10531458646173e-05
1.12250071503431e-05
1.13945821293207e-05
1.15670292044965e-05
1.17569593114896e-05
1.19356536851488e-05
1.21159520965076e-05
1.22864537628282e-05
1.24611970724111e-05
1.26310232850113e-05
1.28612575700135e-05
1.31443483051988e-05
1.34069334358656e-05
1.36894388931093e-05
1.39511818178123e-05
1.42261274367032e-05
1.44937201596666e-05
1.47716631479959e-05
1.50407949635717e-05
1.53193631236272e-05
1.55898382772523e-05
1.58701920762551e-05
1.6143288775599e-05
1.64264544184965e-05
1.67023233033699e-05
1.69880904184488e-05
1.7266231517355e-05
1.75542733868243e-05
1.78344939995214e-05
1.81248783886433e-05
1.84072425786095e-05
1.87001135185341e-05
1.89846245267101e-05
1.92800075253354e-05
1.95665907323883e-05
1.98381057785257e-05
2.01146672893048e-05
2.04019520424266e-05
2.07021774013101e-05
2.09992034491851e-05
2.14252535782037e-05
2.1855527170543e-05
2.23072916139743e-05
2.27590506388391e-05
2.31918624054108e-05
2.36362628061318e-05
2.40834173135482e-05
2.45522334192087e-05
2.50140789567951e-05
2.54919045916545e-05
2.59540164039674e-05
2.6433036141622e-05
2.68959968515862e-05
2.73328129590663e-05
2.77803195294871e-05
2.82385763504517e-05
2.87235470760029e-05
2.9204009571224e-05
2.97004402983015e-05
3.01792292376612e-05
3.06283203530033e-05
3.10860384985696e-05
3.15561495881753e-05
3.20534099392503e-05
3.25463838638694e-05
3.30549539603977e-05
3.35455130409897e-05
3.40068230794994e-05
3.44777569930828e-05
3.49569598508045e-05
3.5656314717975e-05
3.63757356853536e-05
3.71865664207806e-05
3.79425691352803e-05
3.8651986544734e-05
3.94005635898606e-05
4.01516433507812e-05
4.09137711884552e-05
4.1679483427057e-05
4.24211518958405e-05
4.31930742239131e-05
4.39611971546123e-05
4.47088427606941e-05
4.54795648873053e-05
4.62542163390246e-05
4.70706311199054e-05
4.78718149298219e-05
4.86319208512533e-05
4.94118628148482e-05
5.01909745941519e-05
5.09612483800237e-05
5.17604415964385e-05
5.25610693592278e-05
5.33433517919645e-05
5.41440880768091e-05
5.49479783943605e-05
5.57899740256223e-05
5.66177346862845e-05
5.74078340261492e-05
5.82197225385161e-05
5.94179312388145e-05
6.06184377987612e-05
6.18047937144534e-05
6.30917195550779e-05
6.43418331743711e-05
6.55388183134755e-05
6.67939773392259e-05
6.80538310413103e-05
6.92899409593694e-05
7.05871625387714e-05
7.18742265113369e-05
7.31185399179812e-05
7.44193713110921e-05
7.57117157305214e-05
7.69677790636096e-05
7.8193040579089e-05
7.94736714562376e-05
8.0781818713525e-05
8.20793717410723e-05
8.34201143007746e-05
8.47469142473438e-05
8.60310491879008e-05
8.73644813253844e-05
8.86960105436771e-05
9.00000772980759e-05
9.12775253947758e-05
9.26074579865034e-05
9.39567125930811e-05
9.52895638032459e-05
9.66696349221776e-05
9.84754472418808e-05
0.000100439318244829
0.000102482242140855
0.000104562711550379
0.000106618784151715
0.000108776673907148
0.000110905555758154
0.000112949253221695
0.000114916723216112
0.000117038398845168
0.000119140149495059
0.000121201810064171
0.000123232011620472
0.000125379662510571
0.000127546303781482
0.000129666512430575
0.000131721681297819
0.000133880204879882
0.000136056936558501
0.000138198137292795
0.000140284911747259
0.000142365158832092
0.000144550095506687
0.000146765592865356
0.000148940737425302
0.000151055629423863
0.000153259567872464
0.000155485290142593
0.000157680176182949
0.000159824887461372
0.000162883878924931
0.000166200095264013
0.000169540996322887
0.000172853243651764
0.000176130361689767
0.000179652544032284
0.000183104575619824
0.000186445695374931
0.000189706737565476
0.000192990047994988
0.000196578542421551
0.00020009180759441
0.000203486656258919
0.000206794243022431
0.000210110416185936
0.000213534426088566
0.000217145747267967
0.000220743164243928
0.000224214998183467
0.000227569666771807
0.000230922397552804
0.00023432878725879
0.00023785028497705
0.000241447329643712
0.000245027129165957
0.000248529387791302
0.000251980625823138
0.000255475580853642
0.000259148867322222
0.000262833887035959
0.000267705457546394
0.000273008282369845
0.000278365605919696
0.000283734615013519
0.000289098528040093
0.000294867639388501
0.000300497035076879
0.000305929891581891
0.000311221250065864
0.000316495295887411
0.000321864569949352
0.000327345806161323
0.000332858515585421
0.000338632486126559
0.000344384128356241
0.000349967508416476
0.000355385534389136
0.000360750740073195
0.000366190050800755
0.000371743861204235
0.000377344921303008
0.000382922593611591
0.000388734434209557
0.000394555818502722
0.0004002475410586
0.000405796598350027
0.000411290512837385
0.000416834220229849
0.000422466961218012
0.000428145143546547
0.000435919008013736
0.000444444074580583
0.000453010880098642
0.000461660263863476
0.000470496890789574
0.000479588578935089
0.00048853834478754
0.000497246308736782
0.000505768990498296
0.000514242743033256
0.000522784632308837
0.000531428772569658
0.000540134011727592
0.000548847206455197
0.000557557362777921
0.000566292785691655
0.000575073045646222
0.000583886987931161
0.000593190140709259
0.000602486772223967
0.000611524396521544
0.000620293651829562
0.000628934486572873
0.000637601831734399
0.000646372846764758
0.000655231298595689
0.000664118333910118
0.00067299442213566
0.000681862929376362
0.000690749719552206
0.00070380597762221
0.000717415817930717
0.000731242252834396
0.0007449468309923
0.000758424812032554
0.000771771604184728
0.000785135466301633
0.000798598179309811
0.000812147575747002
0.000825732177640847
0.00083931689372689
0.000852904686801366
0.000866516396335676
0.000880163247657807
0.00089383962760484
0.000907535166779543
0.000921246607598536
0.000934977223451818
0.000948729105995769
0.000962500346798208
0.000976287943100817
0.000990091383525769
0.0010039111028861
0.00101774650783065
0.0010315962763204
0.00104545967177951
0.00105933649130965
0.00107412901523035
0.00108793746590841
0.00110104058458469
0.00112192544587629
0.00114383758514286
0.00116393546230387
0.00118552423745661
0.00120717034269084
0.0012284773984323
0.00124982028706081
0.00127082770958435
0.00129195583802068
0.00131301774791618
0.001333991872885
0.00135493717813216
0.00137591195353592
0.00139694355180886
0.00141802475017391
0.00143913643872663
0.00146026538289988
0.00148140422834543
0.00150255559586534
0.00152372367738449
0.00154490939578651
0.00156611495535251
0.00158733772821237
0.00160857531573669
0.0016298265262309
0.00165109110848693
0.00167236910004554
0.00169366038247884
0.00171496458828828
0.00173628121849023
0.00176414530251433
0.00179551841581183
0.00182801049133517
0.00186106366151248
0.00189388376342593
0.00192625273279634
0.00195837898431998
0.00199050445316083
0.00202273165901003
0.00205502938808251
0.00208733692604177
0.00211962618671561
0.00215190356831861
0.00218418626938626
0.0022164848681827
0.00224880051043973
0.00228112997736895
0.00231347057874024
0.00234582170498864
0.00237818400963638
0.00241055824444297
0.00244294469763665
0.00247534323801697
0.0025077538658325
0.00254017635638698
0.00257260985251638
0.00260505417687051
0.00263742473665637
0.00266691201569883
0.00269985551069008
0.00274375954666536
0.00279307577730502
0.00284288759231439
0.00289277827979419
0.00294234531735916
0.00299155863431
0.00304058740566996
0.00308958386504126
0.00313860819986435
0.00318765695597715
0.00323671119407292
0.0032857615400752
0.00333480993261357
0.00338386263400881
0.0034266499026168
0.0034765201840018
0.00352726318671313
0.00357148009161191
0.00362261814334231
0.00366741639807885
0.00371297186784772
0.00376133322296167
0.00381028889085366
0.00385930906420315
0.00390827602957856
0.00395720243535076
0.00400420295919514
0.00405173768598226
0.00410179902858914
0.00415194840820912
0.00420454965895337
0.00428439922898585
0.00436854086953686
0.00444480813858342
0.00451981285129823
0.004579516197025
0.00466342579042144
0.00472943803948109
0.00479894542361239
0.00487080725896709
0.00494329564463983
0.00501595200385208
0.00508887510071962
0.00516199294962503
0.00523515801381618
0.00530832009348226
0.00538149063882417
0.00545467545251003
0.00552786765721841
0.00560106343136701
0.00567426304674105
0.00574746630209535
0.0058206770812512
0.00589389714026661
0.00596712675750346
0.00604036622110863
0.00611361614571485
0.00618687717266604
0.00626014977448774
0.00633343426961693
0.0064417834718411
0.00657509162464616
0.00666343457869734
0.00680102346816267
0.00688731905822726
0.00697773792151043
0.00713044603941825
0.0072255040467943
0.00731504766438543
0.00740837023920896
0.00757099652900729
0.00766692552408856
0.0077564422616083
0.00785125092587281
0.00795061358812649
0.00805416397781301
0.00816127879944454
0.00827361413228748
0.00838455852378161
0.00849387881191596
0.00860316545444712
0.00871262102491913
0.0088220275795638
0.0089313785244694
0.00904073309151757
0.00915010784268383
0.0092594986801767
0.0093689043234336
0.0094783263814024
0.00958776582318616
0.00979070691614122
0.00986539870607261
0.0101144466920512
0.0102045644865895
0.0102997397149578
0.0105619650214649
0.0106813432622581
0.0108396494316136
0.0110029646717676
0.0111742132336487
0.0113394994446638
0.0115031775318918
0.0116686094247846
0.0118332790267645
