3.82242524716735e-07
3.88613233462014e-07
3.94983942207293e-07
4.01354650952572e-07
4.07725359697851e-07
4.1409606844313e-07
4.20466777188409e-07
4.26837485933688e-07
4.33208194678967e-07
4.39578903424246e-07
4.45949612169524e-07
4.52320320914803e-07
4.58691029660082e-07
4.65061738405361e-07
4.7143244715064e-07
4.77803155895919e-07
4.84173864641198e-07
4.90544573386477e-07
4.96915282131756e-07
5.03285990877035e-07
5.09656699622314e-07
5.16027408367593e-07
5.22398117112871e-07
5.2876882585815e-07
5.35139534603429e-07
5.41510243348708e-07
5.47880952093987e-07
5.54251660839266e-07
5.60622369584545e-07
5.66993078329824e-07
5.73363787075103e-07
5.82919850193021e-07
5.9247591331094e-07
6.02031976428858e-07
6.11588039546776e-07
6.21144102664695e-07
6.30700165782613e-07
6.40256228900531e-07
6.4981229201845e-07
6.59368355136368e-07
6.68924418254287e-07
6.78480481372205e-07
6.88036544490123e-07
6.97592607608042e-07
7.0714867072596e-07
7.16704733843878e-07
7.26260796961797e-07
7.35816860079715e-07
7.45372923197634e-07
7.54928986315552e-07
7.6448504943347e-07
7.74041112551389e-07
7.83597175669307e-07
7.93153238787226e-07
8.02709301905144e-07
8.12265365023062e-07
8.21821428140981e-07
8.31377491258899e-07
8.40933554376817e-07
8.50489617494736e-07
8.60045680612654e-07
8.74379775289532e-07
8.88713869966409e-07
9.03047964643287e-07
9.17382059320165e-07
9.31716153997042e-07
9.4605024867392e-07
9.60384343350797e-07
9.74718438027675e-07
9.89052532704552e-07
1.00338662738143e-06
1.01772072205831e-06
1.03205481673519e-06
1.04638891141206e-06
1.06072300608894e-06
1.07505710076582e-06
1.0893911954427e-06
1.10372529011957e-06
1.11805938479645e-06
1.13239347947333e-06
1.14672757415021e-06
1.16106166882708e-06
1.17539576350396e-06
1.18972985818084e-06
1.20406395285772e-06
1.21839804753459e-06
1.23273214221147e-06
1.24706623688835e-06
1.26140033156523e-06
1.2757344262421e-06
1.29006852091898e-06
1.3115696629343e-06
1.33307080494961e-06
1.35457194696493e-06
1.37607308898025e-06
1.39757423099556e-06
1.41907537301088e-06
1.4405765150262e-06
1.46207765704151e-06
1.48357879905683e-06
1.50507994107214e-06
1.52658108308746e-06
1.54808222510278e-06
1.56958336711809e-06
1.59108450913341e-06
1.61258565114873e-06
1.63408679316404e-06
1.65558793517936e-06
1.67708907719468e-06
1.69859021920999e-06
1.72009136122531e-06
1.74159250324062e-06
1.76309364525594e-06
1.78459478727126e-06
1.80609592928657e-06
1.82759707130189e-06
1.84909821331721e-06
1.87059935533252e-06
1.89210049734784e-06
1.91360163936316e-06
1.93510278137847e-06
1.96735449440145e-06
1.99960620742442e-06
2.0318579204474e-06
2.06410963347037e-06
2.09636134649334e-06
2.12861305951632e-06
2.16086477253929e-06
2.19311648556227e-06
2.22536819858524e-06
2.25761991160822e-06
2.28987162463119e-06
2.32212333765417e-06
2.35437505067714e-06
2.38662676370012e-06
2.41887847672309e-06
2.45113018974606e-06
2.48338190276904e-06
2.51563361579201e-06
2.54788532881499e-06
2.58013704183796e-06
2.61238875486094e-06
2.64464046788391e-06
2.67689218090689e-06
2.70914389392986e-06
2.74139560695284e-06
2.77364731997581e-06
2.80589903299878e-06
2.83815074602176e-06
2.87040245904473e-06
2.90265417206771e-06
2.95103174160217e-06
2.99940931113663e-06
3.04778688067109e-06
3.09616445020556e-06
3.14454201974002e-06
3.19291958927448e-06
3.24129715880894e-06
3.2896747283434e-06
3.33805229787786e-06
3.38642986741233e-06
3.43480743694679e-06
3.48318500648125e-06
3.53156257601571e-06
3.57994014555017e-06
3.62831771508463e-06
3.6766952846191e-06
3.72507285415356e-06
3.77345042368802e-06
3.82182799322248e-06
3.87020556275694e-06
3.91858313229141e-06
3.96696070182587e-06
4.01533827136033e-06
4.06371584089479e-06
4.11209341042925e-06
4.16047097996371e-06
4.20884854949818e-06
4.25722611903264e-06
4.3056036885671e-06
4.35398125810156e-06
4.42654761240325e-06
4.49911396670495e-06
4.57168032100664e-06
4.64424667530833e-06
4.71681302961002e-06
4.78937938391172e-06
4.86194573821341e-06
4.9345120925151e-06
5.0070784468168e-06
5.07964480111849e-06
5.15221115542018e-06
5.22477750972187e-06
5.29734386402357e-06
5.36991021832526e-06
5.44247657262695e-06
5.51504292692864e-06
5.58760928123034e-06
5.66017563553203e-06
5.73274198983372e-06
5.80530834413542e-06
5.87787469843711e-06
5.9504410527388e-06
6.02300740704049e-06
6.09557376134219e-06
6.16814011564388e-06
6.24070646994557e-06
6.31327282424726e-06
6.38583917854896e-06
6.45840553285065e-06
6.53097188715234e-06
6.63982141860488e-06
6.74867095005742e-06
6.85752048150996e-06
6.9663700129625e-06
7.07521954441504e-06
7.18406907586758e-06
7.29291860732012e-06
7.40176813877266e-06
7.51061767022519e-06
7.61946720167773e-06
7.72831673313027e-06
7.83716626458281e-06
7.94601579603535e-06
8.05486532748789e-06
8.16371485894043e-06
8.27256439039297e-06
8.38141392184551e-06
8.49026345329804e-06
8.59911298475058e-06
8.70796251620312e-06
8.81681204765566e-06
8.9256615791082e-06
9.03451111056074e-06
9.14336064201328e-06
9.25221017346582e-06
9.36105970491836e-06
9.4699092363709e-06
9.57875876782344e-06
9.68760829927598e-06
9.79645783072851e-06
9.95973212790732e-06
1.01230064250861e-05
1.02862807222649e-05
1.04495550194437e-05
1.06128293166226e-05
1.07761036138014e-05
1.09393779109802e-05
1.1102652208159e-05
1.12659265053378e-05
1.14292008025166e-05
1.15924750996954e-05
1.17557493968742e-05
1.1919023694053e-05
1.20822979912318e-05
1.22455722884106e-05
1.24088465855895e-05
1.25721208827683e-05
1.27353951799471e-05
1.28986694771259e-05
1.30619437743047e-05
1.32252180714835e-05
1.33884923686623e-05
1.35517666658411e-05
1.37150409630199e-05
1.38783152601987e-05
1.40415895573775e-05
1.42048638545563e-05
1.43681381517352e-05
1.4531412448914e-05
1.46946867460928e-05
1.4939598191861e-05
1.51845096376292e-05
1.54294210833974e-05
1.56743325291656e-05
1.59192439749338e-05
1.6164155420702e-05
1.64090668664703e-05
1.66539783122385e-05
1.68988897580067e-05
1.71438012037749e-05
1.73887126495431e-05
1.76336240953113e-05
1.78785355410795e-05
1.81234469868478e-05
1.8368358432616e-05
1.86132698783842e-05
1.88581813241524e-05
1.91030927699206e-05
1.93480042156888e-05
1.9592915661457e-05
1.98378271072252e-05
2.00827385529935e-05
2.03276499987617e-05
2.05725614445299e-05
2.08174728902981e-05
2.10623843360663e-05
2.13072957818345e-05
2.15522072276027e-05
2.17971186733709e-05
2.20420301191392e-05
2.24093972877915e-05
2.27767644564438e-05
2.31441316250961e-05
2.35114987937484e-05
2.38788659624008e-05
2.42462331310531e-05
2.46136002997054e-05
2.49809674683577e-05
2.534833463701e-05
2.57157018056623e-05
2.60830689743147e-05
2.6450436142967e-05
2.68178033116193e-05
2.71851704802716e-05
2.75525376489239e-05
2.79199048175763e-05
2.82872719862286e-05
2.86546391548809e-05
2.90220063235332e-05
2.93893734921855e-05
2.97567406608379e-05
3.01241078294902e-05
3.04914749981425e-05
3.08588421667948e-05
3.12262093354471e-05
3.15935765040995e-05
3.19609436727518e-05
3.23283108414041e-05
3.26956780100564e-05
3.30630451787087e-05
3.36140959316872e-05
3.41651466846657e-05
3.47161974376442e-05
3.52672481906226e-05
3.58182989436011e-05
3.63693496965796e-05
3.69204004495581e-05
3.74714512025366e-05
3.8022501955515e-05
3.85735527084935e-05
3.9124603461472e-05
3.96756542144505e-05
4.0226704967429e-05
4.07777557204074e-05
4.13288064733859e-05
4.18798572263644e-05
4.24309079793429e-05
4.29819587323214e-05
4.35330094852998e-05
4.40840602382783e-05
4.46351109912568e-05
4.51861617442353e-05
4.57372124972137e-05
4.62882632501922e-05
4.68393140031707e-05
4.73903647561492e-05
4.79414155091277e-05
4.84924662621061e-05
4.90435170150846e-05
4.95945677680631e-05
5.04211438975308e-05
5.12477200269985e-05
5.20742961564663e-05
5.2900872285934e-05
5.37274484154017e-05
5.45540245448694e-05
5.53806006743371e-05
5.62071768038048e-05
5.70337529332726e-05
5.78603290627403e-05
5.8686905192208e-05
5.95134813216757e-05
6.03400574511434e-05
6.11666335806112e-05
6.19932097100789e-05
6.28197858395466e-05
6.36463619690143e-05
6.4472938098482e-05
6.52995142279497e-05
6.61260903574175e-05
6.69526664868852e-05
6.77792426163529e-05
6.86058187458206e-05
6.94323948752883e-05
7.02589710047561e-05
7.10855471342238e-05
7.19121232636915e-05
7.27386993931592e-05
7.35652755226269e-05
7.43918516520946e-05
7.56317158462962e-05
7.68715800404978e-05
7.81114442346994e-05
7.9351308428901e-05
8.05911726231025e-05
8.18310368173041e-05
8.30709010115057e-05
8.43107652057073e-05
8.55506293999088e-05
8.67904935941104e-05
8.8030357788312e-05
8.92702219825136e-05
9.05100861767151e-05
9.17499503709167e-05
9.29898145651183e-05
9.42296787593199e-05
9.54695429535215e-05
9.6709407147723e-05
9.79492713419246e-05
9.91891355361262e-05
0.000100428999730328
0.000101668863924529
0.000102908728118731
0.000104148592312932
0.000105388456507134
0.000106628320701336
0.000107868184895537
0.000109108049089739
0.00011034791328394
0.000111587777478142
0.000113447573769444
0.000115307370060747
0.000117167166352049
0.000119026962643351
0.000120886758934654
0.000122746555225956
0.000124606351517259
0.000126466147808561
0.000128325944099863
0.000130185740391166
0.000132045536682468
0.00013390533297377
0.000135765129265073
0.000137624925556375
0.000139484721847677
0.00014134451813898
0.000143204314430282
0.000145064110721585
0.000146923907012887
0.000148783703304189
0.000150643499595492
0.000152503295886794
0.000154363092178096
0.000156222888469399
0.000158082684760701
0.000159942481052003
0.000161802277343306
0.000163662073634608
0.000165521869925911
0.000167381666217213
0.000170171360654167
0.00017296105509112
0.000175750749528074
0.000178540443965027
0.000181330138401981
0.000184119832838934
0.000186909527275888
0.000189699221712841
0.000192488916149795
0.000195278610586748
0.000198068305023702
0.000200857999460656
0.000203647693897609
0.000206437388334563
0.000209227082771516
0.00021201677720847
0.000214806471645423
0.000217596166082377
0.00022038586051933
0.000223175554956284
0.000225965249393237
0.000228754943830191
0.000231544638267145
0.000234334332704098
0.000237124027141052
0.000239913721578005
0.000242703416014959
0.000245493110451912
0.000248282804888866
0.000251072499325819
0.00025525704098125
0.00025944158263668
0.00026362612429211
0.000267810665947541
0.000271995207602971
0.000276179749258401
0.000280364290913832
0.000284548832569262
0.000288733374224692
0.000292917915880123
0.000297102457535553
0.000301286999190983
0.000305471540846414
0.000309656082501844
0.000313840624157274
0.000318025165812705
0.000322209707468135
0.000326394249123565
0.000330578790778996
0.000334763332434426
0.000338947874089856
0.000343132415745287
0.000347316957400717
0.000351501499056147
0.000355686040711578
0.000359870582367008
0.000364055124022438
0.000368239665677868
0.000372424207333299
0.000376608748988729
0.000382885561471875
0.00038916237395502
0.000395439186438166
0.000401715998921311
0.000407992811404457
0.000414269623887602
0.000420546436370747
0.000426823248853893
0.000433100061337038
0.000439376873820184
0.000445653686303329
0.000451930498786475
0.00045820731126962
0.000464484123752766
0.000470760936235911
0.000477037748719057
0.000483314561202202
0.000489591373685348
0.000495868186168493
0.000502144998651639
0.000508421811134784
0.00051469862361793
0.000520975436101075
0.000527252248584221
0.000533529061067366
0.000539805873550512
0.000546082686033657
0.000552359498516803
0.000558636310999948
0.000564913123483094
0.000574328342207812
0.00058374356093253
0.000593158779657248
0.000602573998381967
0.000611989217106685
0.000621404435831403
0.000630819654556121
0.000640234873280839
0.000649650092005558
0.000659065310730276
0.000668480529454994
0.000677895748179712
0.000687310966904431
0.000696726185629149
0.000706141404353867
0.000715556623078585
0.000724971841803304
0.000734387060528022
0.00074380227925274
0.000753217497977458
0.000762632716702176
0.000772047935426895
0.000781463154151613
0.000790878372876331
0.000800293591601049
0.000809708810325768
0.000819124029050486
0.000828539247775204
0.000837954466499922
0.00084736968522464
0.000861492513311718
0.000875615341398795
0.000889738169485872
0.00090386099757295
0.000917983825660027
0.000932106653747104
0.000946229481834182
0.000960352309921259
0.000974475138008336
0.000988597966095414
0.00100272079418249
0.00101684362226957
0.00103096645035665
0.00104508927844372
0.0010592121065308
0.00107333493461788
0.00108745776270496
0.00110158059079203
0.00111570341887911
0.00112982624696619
0.00114394907505326
0.00115807190314034
0.00117219473122742
0.0011863175593145
0.00120044038740157
0.00121456321548865
0.00122868604357573
0.00124280887166281
0.00125693169974988
0.00127105452783696
0.00129223876996758
0.00131342301209819
0.00133460725422881
0.00135579149635942
0.00137697573849004
0.00139815998062066
0.00141934422275127
0.00144052846488189
0.0014617127070125
0.00148289694914312
0.00150408119127374
0.00152526543340435
0.00154644967553497
0.00156763391766558
0.0015888181597962
0.00161000240192682
0.00163118664405743
0.00165237088618805
0.00167355512831866
0.00169473937044928
0.0017159236125799
0.00173710785471051
0.00175829209684113
0.00177947633897174
0.00180066058110236
0.00182184482323298
0.00184302906536359
0.00186421330749421
0.00188539754962482
0.00190658179175544
0.00193835815495136
0.00197013451814729
0.00200191088134321
0.00203368724453914
0.00206546360773506
0.00209723997093098
0.00212901633412691
0.00216079269732283
0.00219256906051876
0.00222434542371468
0.00225612178691061
0.00228789815010653
0.00231967451330245
0.00235145087649838
0.0023832272396943
0.00241500360289022
0.00244677996608615
0.00247855632928207
0.002510332692478
0.00254210905567392
0.00257388541886985
0.00260566178206577
0.00263743814526169
0.00266921450845762
0.00270099087165354
0.00273276723484947
0.00276454359804539
0.00279631996124131
0.00282809632443724
0.00285987268763316
0.00290753723242705
0.00295520177722093
0.00300286632201482
0.00305053086680871
0.00309819541160259
0.00314585995639648
0.00319352450119036
0.00324118904598425
0.00328885359077814
0.00333651813557202
0.00338418268036591
0.00343184722515979
0.00347951176995368
0.00352717631474757
0.00357484085954145
0.00362250540433534
0.00367016994912922
0.00371783449392311
0.003765499038717
0.00381316358351088
0.00386082812830477
0.00390849267309865
0.00395615721789254
0.00400382176268643
0.00405148630748031
0.0040991508522742
0.00414681539706808
0.00419447994186197
0.00424214448665586
0.00428980903144974
0.00436130584864057
0.0044328026658314
0.00450429948302223
0.00457579630021306
0.00464729311740389
0.00471878993459472
0.00479028675178554
0.00486178356897637
0.0049332803861672
0.00500477720335803
0.00507627402054886
0.00514777083773969
0.00521926765493052
0.00529076447212135
0.00536226128931218
0.00543375810650301
0.00550525492369384
0.00557675174088466
0.00564824855807549
0.00571974537526632
0.00579124219245715
0.00586273900964798
0.00593423582683881
0.00600573264402964
0.00607722946122047
0.0061487262784113
0.00622022309560212
0.00629171991279295
0.00636321672998378
0.00643471354717461
0.00654195877296086
0.0066492039987471
0.00675644922453334
0.00686369445031959
0.00697093967610583
0.00707818490189207
0.00718543012767832
0.00729267535346456
0.0073999205792508
0.00750716580503705
0.00761441103082329
0.00772165625660953
0.00782890148239578
0.00793614670818202
0.00804339193396827
0.00815063715975451
0.00825788238554075
0.008365127611327
0.00847237283711324
0.00857961806289948
0.00868686328868573
0.00879410851447197
0.00890135374025821
0.00900859896604446
0.0091158441918307
0.00922308941761694
0.00933033464340319
0.00943757986918943
0.00954482509497567
0.00965207032076192
0.00981293815944128
0.00997380599812065
0.0101346738368
0.0102955416754794
0.0104564095141587
0.0106172773528381
0.0107781451915175
0.0109390130301968
0.0110998808688762
0.0112607487075556
0.0114216165462349
0.0115824843849143
0.0117433522235937
0.011904220062273
