1e-16
1.08487865152781e-16
1.13774805709817e-16
1.17852949033521e-16
1.21876689213183e-16
1.25905925427083e-16
1.30393414986031e-16
1.35447393998463e-16
1.41134907680599e-16
1.47691206223053e-16
1.52556220349944e-16
1.57556194331793e-16
1.6274914146163e-16
1.68670433699393e-16
1.75336611826028e-16
1.82769842738956e-16
1.88708533487607e-16
1.94699558217862e-16
2.00848043440148e-16
2.07758017681183e-16
2.15482789562462e-16
2.24045828439235e-16
2.30828058115321e-16
2.37721212074754e-16
2.44828555993445e-16
2.52803745843908e-16
2.61677204174868e-16
2.69236052736319e-16
2.76796684989223e-16
2.84538193611808e-16
2.93208275830829e-16
3.03077034987189e-16
3.16435469152983e-16
3.32001457282124e-16
3.4912257693759e-16
3.650435896392e-16
3.78266585448238e-16
3.92055863265189e-16
4.0773420209684e-16
4.26095726959127e-16
4.46282207002856e-16
4.62454728187753e-16
4.78810795758559e-16
4.95686463038634e-16
5.14819642613355e-16
5.36332093258225e-16
5.54537672828175e-16
5.72822199299306e-16
5.91634210088138e-16
6.12899626871145e-16
6.36657718105381e-16
6.59450152680001e-16
6.7985641421335e-16
7.00626532729421e-16
7.23587586224073e-16
7.49137931102705e-16
7.76490952940809e-16
7.99630837211711e-16
8.23312863184982e-16
8.47905049711872e-16
8.75528097635316e-16
9.08426975106482e-16
9.4554504621735e-16
9.87493325459737e-16
1.03624149220101e-15
1.0897342497235e-15
1.13371082090099e-15
1.17791065398098e-15
1.22346350140591e-15
1.27534504781828e-15
1.33570120823924e-15
1.3850362485868e-15
1.43483962883905e-15
1.48640197856854e-15
1.54519541264245e-15
1.61127959845944e-15
1.66674526753195e-15
1.72315777062683e-15
1.7817742786261e-15
1.8483706994168e-15
1.92276799235542e-15
1.98453304438152e-15
2.04776604272641e-15
2.11369223781899e-15
2.18845982423729e-15
2.2584315940678e-15
2.32727232268443e-15
2.39743988299469e-15
2.476041690082e-15
2.56303965808271e-15
2.64233430370325e-15
2.76645526360838e-15
2.88019568112687e-15
2.99933878106176e-15
3.13426693554306e-15
3.29169088877057e-15
3.42377425586866e-15
3.55708067122986e-15
3.70087978121429e-15
3.8614473123155e-15
4.04153455815197e-15
4.19110369956864e-15
4.3448687950535e-15
4.51255406578749e-15
4.69908652581564e-15
4.8620988824883e-15
5.02786110749283e-15
5.20820806319444e-15
5.40820233575826e-15
5.60634065844287e-15
5.78827027687993e-15
5.975015136079e-15
6.18465191011883e-15
6.41839843336983e-15
6.62160583264249e-15
6.82914897970329e-15
7.04584019241265e-15
7.29142452455506e-15
7.52078994840242e-15
7.74875575587394e-15
7.9825211035556e-15
8.37852612284264e-15
8.73556855334058e-15
9.10849234592075e-15
9.52692189639627e-15
1.00125455495817e-14
1.04122997857001e-14
1.08234170616592e-14
1.12763331771176e-14
1.17844346085087e-14
1.2224889832678e-14
1.2677880097148e-14
1.31779068911769e-14
1.3736366966109e-14
1.42264678018194e-14
1.47287068328526e-14
1.52800421601355e-14
1.58923066680448e-14
1.6454999377082e-14
1.70175792276025e-14
1.7599601435632e-14
1.82605432032144e-14
1.88761013740797e-14
1.94937263841827e-14
2.01332993396214e-14
2.08563902936082e-14
2.15281833815293e-14
2.22031113911547e-14
2.29016612728215e-14
2.36881909476503e-14
2.44158927870661e-14
2.53274125447964e-14
2.63904774987664e-14
2.76577650181608e-14
2.90591634079312e-14
3.02849445579313e-14
3.15386784208805e-14
3.29146875580612e-14
3.4453805157598e-14
3.57921848955586e-14
3.71759901291196e-14
3.87121156730562e-14
4.0185030868719e-14
4.16530896327039e-14
4.32432884314287e-14
4.50100119990466e-14
4.66737514858837e-14
4.83393278839191e-14
5.00677327726182e-14
5.20344084868564e-14
5.38633262022353e-14
5.57104530123353e-14
5.7632666982736e-14
5.95296223673199e-14
6.14409137719249e-14
6.3434791270656e-14
6.57036648538353e-14
6.78414587422682e-14
6.99935370963029e-14
7.22220129873391e-14
7.45148517753395e-14
7.71387293026653e-14
8.06526776415627e-14
8.48605320332456e-14
8.85842294683889e-14
9.2418959063423e-14
9.66847623582641e-14
1.00761285696838e-13
1.0484420879403e-13
1.09280626752682e-13
1.14231990733768e-13
1.1861923924463e-13
1.23174941535004e-13
1.28260177855791e-13
1.33060962236608e-13
1.37917585395204e-13
1.43234712353426e-13
1.48371852071646e-13
1.53544402149155e-13
1.59194748330086e-13
1.65178567860086e-13
1.711118531335e-13
1.77053464930412e-13
1.83258506071658e-13
1.89306640802698e-13
1.95487146724785e-13
2.01984273722173e-13
2.08664544320382e-13
2.15311740660937e-13
2.22173112937054e-13
2.29217435012808e-13
2.38990556807007e-13
2.49753592184608e-13
2.60535767666496e-13
2.72625293290868e-13
2.8569454082853e-13
2.98167779566557e-13
3.10986869981525e-13
3.25246961206157e-13
3.38424776708123e-13
3.51913490789014e-13
3.67164571668111e-13
3.81488998848035e-13
3.96164568124298e-13
4.12176354018203e-13
4.27395967514907e-13
4.43020741104925e-13
4.59743947783715e-13
4.76370663556778e-13
4.93234627007129e-13
5.11404920956648e-13
5.29464484691598e-13
5.47742437863547e-13
5.66497387561462e-13
5.84970041045953e-13
6.04107627839821e-13
6.24137609641506e-13
6.44316457545753e-13
6.65296626502037e-13
6.87036803510909e-13
7.08642333739076e-13
7.38532865240262e-13
7.72922005991922e-13
8.1075421928595e-13
8.47128690472172e-13
8.84758277377249e-13
9.22208514833626e-13
9.60292329695325e-13
1.00270506501602e-12
1.04393023786292e-12
1.08590985679609e-12
1.13239984520247e-12
1.17686510560901e-12
1.22237450340847e-12
1.27126221817271e-12
1.31997045688785e-12
1.36960239263284e-12
1.42046714681404e-12
1.4711621119783e-12
1.52650424470464e-12
1.58026266608418e-12
1.63519963881507e-12
1.69433010185227e-12
1.75323830975681e-12
1.81306738365683e-12
1.87416259128396e-12
1.93507061911429e-12
1.99861337928893e-12
2.06407520879294e-12
2.13057439654431e-12
2.19848578358718e-12
2.28879669871128e-12
2.39058497944969e-12
2.51094495199634e-12
2.62490528976035e-12
2.74148901228713e-12
2.85783635701441e-12
2.97623547347566e-12
3.10911394125931e-12
3.23849682678503e-12
3.37133108374175e-12
3.50841891389896e-12
3.64495322475747e-12
3.79502947403445e-12
3.94121625633941e-12
4.09157065355109e-12
4.24656475467502e-12
4.40187940852056e-12
4.57238693884643e-12
4.73737355689551e-12
4.9073062573057e-12
5.08140309142582e-12
5.25642200599268e-12
5.4361359155387e-12
5.61652596483241e-12
5.81468217757509e-12
6.01539084267993e-12
6.21607119331555e-12
6.41864947254422e-12
6.62029815224468e-12
6.83688931258834e-12
7.12251490853877e-12
7.44429593050251e-12
7.82469046042216e-12
8.1828692426576e-12
8.55328752527092e-12
8.91762819374502e-12
9.29523295835684e-12
9.68656046654424e-12
1.00851491976864e-11
1.04983415724882e-11
1.09166502146379e-11
1.13828444297053e-11
1.18337003663759e-11
1.23008722050696e-11
1.27770691184426e-11
1.32603384791233e-11
1.37520998886062e-11
1.42509197987566e-11
1.47637425572875e-11
1.52865929771797e-11
1.58279286889188e-11
1.63782800655027e-11
1.69479824234413e-11
1.75232928699331e-11
1.81520082463798e-11
1.87847631043909e-11
1.94211750694812e-11
2.0057976880283e-11
2.07005191623276e-11
2.13515233045967e-11
2.22475743592324e-11
2.33310993657318e-11
2.43938999717615e-11
2.55333982284618e-11
2.66530617897778e-11
2.78160439497948e-11
2.90184143599177e-11
3.02560834285836e-11
3.15285012447068e-11
3.28315452692483e-11
3.41691673430737e-11
3.55393275355219e-11
3.69468324879235e-11
3.83898939000286e-11
3.98715667477698e-11
4.13901206125043e-11
4.29466717388518e-11
4.4541436010129e-11
4.61732966080653e-11
4.78459886563971e-11
4.95548767711264e-11
5.13080449239069e-11
5.30959301190682e-11
5.49319166063977e-11
5.6800369808548e-11
5.86910959716667e-11
6.05559442005405e-11
6.2486511041483e-11
6.44995910750057e-11
6.66012695641514e-11
6.96347944769384e-11
7.27850470212473e-11
7.62669243746579e-11
7.97704612038075e-11
8.33445280040247e-11
8.69330939671238e-11
9.065935153151e-11
9.45285939136334e-11
9.85579681164882e-11
1.02711529134901e-10
1.06969595490756e-10
1.11343795908214e-10
1.15798173110646e-10
1.20305112468163e-10
1.24779193738982e-10
1.29409407403668e-10
1.34257159261128e-10
1.39312766803651e-10
1.44532534485477e-10
1.49853069123866e-10
1.55206949878373e-10
1.60484059021038e-10
1.65923552394798e-10
1.71617837534598e-10
1.77544501490959e-10
1.83657644240888e-10
1.89868763077781e-10
1.96098494665972e-10
2.02263907305082e-10
2.08586251841616e-10
2.17925027417166e-10
2.27763072703409e-10
2.38845034819404e-10
2.49771421996037e-10
2.60613650042786e-10
2.71837145307368e-10
2.83538284980225e-10
2.96008274126127e-10
3.08567105120362e-10
3.21343638741762e-10
3.34364333015648e-10
3.47784638090976e-10
3.61559998510297e-10
3.75489481619804e-10
3.89896759496585e-10
4.04933395733435e-10
4.20425609696701e-10
4.36131829755765e-10
4.51886666530092e-10
4.67997028108767e-10
4.84521021753673e-10
5.01381437430755e-10
5.18805143156779e-10
5.36673295997506e-10
5.54671939766179e-10
5.73199723291267e-10
5.92429544620649e-10
6.1216229343804e-10
6.32105586790102e-10
6.52168015129837e-10
6.82035818869904e-10
7.13093937043931e-10
7.45277294373639e-10
7.7986351609268e-10
8.15005486455031e-10
8.50589231481202e-10
8.86853399867532e-10
9.24298327721894e-10
9.62870131522194e-10
1.00265734776688e-09
1.04365858326552e-09
1.08552044500357e-09
1.12839798646996e-09
1.17239545411312e-09
1.21727396601284e-09
1.2626373131844e-09
1.30861745432006e-09
1.35644724538538e-09
1.40600827385604e-09
1.45678549882367e-09
1.50892481897048e-09
1.56188322854191e-09
1.61571399820936e-09
1.67085809215271e-09
1.72710708566909e-09
1.78397041360994e-09
1.84164376215165e-09
1.90128901622819e-09
1.9626343004608e-09
2.02544337569849e-09
2.11202999581732e-09
2.21117908670481e-09
2.31087320339746e-09
2.41463056088364e-09
2.52233236348716e-09
2.6340490267378e-09
2.7491226411435e-09
2.86608278868773e-09
2.98357450876537e-09
3.10726475902573e-09
3.23275956327696e-09
3.36057589666619e-09
3.49034338113402e-09
3.6240113824497e-09
3.76263736510772e-09
3.90489647987114e-09
4.04871715735146e-09
4.19553326049703e-09
4.34690795004594e-09
4.50204275537727e-09
4.65912096477913e-09
4.81761256903715e-09
4.98016384629214e-09
5.14907660998678e-09
5.32247933388794e-09
5.49755597881111e-09
5.67524078405133e-09
5.85812989887356e-09
6.04527417835096e-09
6.23450425955047e-09
6.50569553299475e-09
6.80038593902422e-09
7.10579866449802e-09
7.42096931769212e-09
7.74351224078092e-09
8.08703562730489e-09
8.43599280822503e-09
8.78899848774919e-09
9.14475694880315e-09
9.50553520877035e-09
9.89633071869308e-09
1.02927791492428e-08
1.06926205098944e-08
1.10943043115261e-08
1.15003888124447e-08
1.19173635302025e-08
1.23548403230055e-08
1.28091011008799e-08
1.32703989675908e-08
1.37321023886469e-08
1.41956806205895e-08
1.46876843769167e-08
1.51774894542369e-08
1.568227823306e-08
1.6201866859665e-08
1.67295543108913e-08
1.7261165049003e-08
1.77994614362714e-08
1.83570896639987e-08
1.89339116789518e-08
1.97317107642834e-08
2.06104460449145e-08
2.1518247103354e-08
2.24555245442924e-08
2.34186883851944e-08
2.44510156811439e-08
2.54973049961738e-08
2.65512173158503e-08
2.76102801601467e-08
2.86815646005459e-08
2.97784632221171e-08
3.09127395985373e-08
3.20857038477223e-08
3.33025893580258e-08
3.45586501950379e-08
3.58335845496379e-08
3.71136329961355e-08
3.84013888584844e-08
3.97115790002198e-08
4.10599285764848e-08
4.2450855269005e-08
4.38751928203211e-08
4.53384739979141e-08
4.68456591307855e-08
4.83769440385852e-08
4.99162138868482e-08
5.14640631733485e-08
5.30342645219311e-08
5.46421496431403e-08
5.62928480678558e-08
5.86152792401676e-08
6.12207570668995e-08
6.38781472192943e-08
6.66116973966337e-08
6.95128909525313e-08
7.24757744995925e-08
7.54978809715212e-08
7.85555881833753e-08
8.16392149513904e-08
8.47626245771079e-08
8.79517209425802e-08
9.12276316535492e-08
9.45957233742504e-08
9.80476222874794e-08
1.01573562256076e-07
1.0517259651666e-07
1.08851411080509e-07
1.12614704339152e-07
1.1652637379725e-07
1.20564194492146e-07
1.24656008314264e-07
1.28757570901543e-07
1.32874753277852e-07
1.37043338549143e-07
1.41299680551451e-07
1.45660410087488e-07
1.50119948381537e-07
1.54663596838102e-07
1.59282653671005e-07
1.6397942745219e-07
1.70924032741372e-07
1.78200287039946e-07
1.85810188081689e-07
1.93652022622929e-07
2.01638093460585e-07
2.09748251787498e-07
2.18014953090035e-07
2.26481831643692e-07
2.35171049691404e-07
2.44078290569594e-07
2.53187700409957e-07
2.62490306820912e-07
2.71989314511764e-07
2.81693007766142e-07
2.91605925585475e-07
3.01726968128444e-07
3.12053772461138e-07
3.2258666638518e-07
3.33328408736417e-07
3.44280787183019e-07
3.55444088828094e-07
3.66818407701487e-07
3.78404749304593e-07
3.90204457245145e-07
4.0221841104235e-07
4.14447196794999e-07
4.26891647880859e-07
4.39870100871483e-07
4.52585530131833e-07
4.65428096112252e-07
4.84810755609992e-07
5.05372235597384e-07
5.25515002651895e-07
5.47334297875777e-07
5.69673548323468e-07
5.92142529832321e-07
6.15330449843176e-07
6.38654987773466e-07
6.62726635974916e-07
6.87354247545601e-07
7.12451759751134e-07
7.38019732948294e-07
7.64095069711286e-07
7.90713588098026e-07
8.17888565461705e-07
8.45616424924199e-07
8.73889311311801e-07
9.02700158321955e-07
9.32050154125961e-07
9.61944404382508e-07
9.92388076360508e-07
1.02338725221826e-06
1.05494350488813e-06
1.08705753186596e-06
1.11973045391357e-06
1.15296423178249e-06
1.18676138718922e-06
1.22112454533199e-06
1.25605615685305e-06
1.29155846373914e-06
1.34103426581538e-06
1.39560221907112e-06
1.45154634429139e-06
1.50967724554556e-06
1.56948567649932e-06
1.63040689840019e-06
1.6923357977657e-06
1.75545338737248e-06
1.81995650886105e-06
1.88590816792039e-06
1.95327329312182e-06
2.02200393388886e-06
2.09208491441204e-06
2.16352993815791e-06
2.23635966968896e-06
2.31058760748687e-06
2.38621891712663e-06
2.46325582698066e-06
2.54170174550787e-06
2.62156219436622e-06
2.7028438332265e-06
2.7855533075831e-06
2.86969676879034e-06
2.95528218127568e-06
3.04231500416465e-06
3.13079915468175e-06
3.22073962922658e-06
3.31148300660618e-06
3.39863882160133e-06
3.49410341935978e-06
3.62417223597779e-06
3.77052596561091e-06
3.92023478102683e-06
4.07404118787674e-06
4.23139122557524e-06
4.39185733119676e-06
4.55545877159436e-06
4.72241405443683e-06
4.89289362819402e-06
5.06695258343288e-06
5.24457831708897e-06
5.42575047247182e-06
5.610467185974e-06
5.79874287428831e-06
5.97543785193765e-06
6.17419511415229e-06
6.37545300723747e-06
6.56430840866543e-06
6.77591731801162e-06
6.97273740135078e-06
7.17708231762621e-06
7.39495818277691e-06
7.61802728564088e-06
7.84466959943405e-06
8.07454590232857e-06
8.31019322728066e-06
8.53835299215899e-06
8.7683014042415e-06
9.01280607455554e-06
9.26756161135176e-06
9.58902266323499e-06
9.99042149066016e-06
1.04220952712268e-05
1.08243110144444e-05
1.12329086607852e-05
1.15723855984442e-05
1.20153337093269e-05
1.24082891480385e-05
1.28232421706917e-05
1.32560285115071e-05
1.3702763783452e-05
1.41600086964784e-05
1.46270210039249e-05
1.51039611444718e-05
1.55906194021e-05
1.60866908056581e-05
1.65920794775377e-05
1.71067987890612e-05
1.76308456662398e-05
1.81642294749456e-05
1.87069252818152e-05
1.92589213564956e-05
1.98202342865821e-05
2.0390887295151e-05
2.0970901291841e-05
2.15602970750143e-05
2.21590981452088e-05
2.27673306549013e-05
2.33850222695085e-05
2.401220149436e-05
2.48918395432937e-05
2.58845222379174e-05
2.67753997884392e-05
2.78554790807139e-05
2.87953086854386e-05
2.97853334998654e-05
3.08284786661065e-05
3.18829096849082e-05
3.29556679276992e-05
3.40685929746625e-05
3.52470673755608e-05
3.63925710078545e-05
3.75567363021e-05
3.87503394744398e-05
3.99911149275566e-05
4.12592740577468e-05
4.25522136302652e-05
4.38576431892462e-05
4.51954274865416e-05
4.65515853351231e-05
4.79273668330463e-05
4.93262796141737e-05
5.07484708933672e-05
5.21934886301008e-05
5.36614408037292e-05
5.51525451194343e-05
5.66669103529875e-05
5.82046086780353e-05
5.97657250718015e-05
6.13503512238437e-05
6.39967841482127e-05
6.64028233625399e-05
6.92016899633652e-05
7.16784117058788e-05
7.45694404783681e-05
7.74945016805507e-05
8.01330679504526e-05
8.29890706537858e-05
8.59122792048435e-05
8.88690176856743e-05
9.19035681675123e-05
9.49803201758786e-05
9.81129715528652e-05
0.000101309550357288
