0.140170293405317
0.142932449571146
0.143717286067171
0.143327054531737
0.14282087057553
0.142382873727664
0.142256735635803
0.142495981106991
0.143115934483854
0.14419875530711
0.14409067171548
0.14396552900519
0.143958963927653
0.144298939242163
0.144982892237286
0.14599793825435
0.146057879176891
0.146062803881259
0.146153688966005
0.146543286595913
0.147239254401667
0.148229016057044
0.148314683723397
0.14836660718412
0.148505427620751
0.148923189528414
0.149619244020132
0.149683038203188
0.149709344638971
0.149819056878328
0.150189555229644
0.149863726605404
0.15036704147788
0.15138907501653
0.152757845063656
0.153610088772732
0.153584851951561
0.153646881220344
0.154086658992455
0.155030798042705
0.156308139532403
0.156460982682894
0.156554792283797
0.15676021046833
0.157337770560645
0.158289021724963
0.158411664427972
0.158486540696265
0.158670376318592
0.159197118557334
0.160052783703175
0.160638334270886
0.160727554077944
0.160857410252473
0.161252048699591
0.161946113797757
0.162759825957887
0.162947377568161
0.163129785053995
0.163417937165456
0.164001219222858
0.163859173954059
0.164034697444938
0.164624181632542
0.16575461843463
0.167243913081347
0.16750040381183
0.167672579266189
0.167975388730371
0.168725568265999
0.170021696303569
0.170214074106601
0.170361116790376
0.170648596053979
0.17136162301555
0.172479480199148
0.17267976084808
0.172861659173732
0.173181968213962
0.173894956533654
0.174971434983037
0.175164647402234
0.175360039594329
0.175693169034007
0.176396030448596
0.176610974436787
0.176759018982886
0.177007108728256
0.177579183632128
0.178450095434662
0.178758647386997
0.179695301989926
0.179909134700802
0.180223787656703
0.180997422614971
0.182392611727937
0.182628558147339
0.182823191516154
0.183300665859896
0.184208632876436
0.185580289432991
0.185846994935322
0.18612288583008
0.186690427420606
0.187653029156457
0.187822247026582
0.188002787440478
0.188465173266292
0.189292038036252
0.18994388855053
0.190120553768182
0.190390933357088
0.191033661723189
0.19204711265189
0.192320789398487
0.19261121427823
0.193056414600293
0.193892325399344
0.194221002648917
0.194500912662536
0.194892741571918
0.196207383210908
0.196599979098037
0.197075532476843
0.198016837444977
0.199618684580197
0.199906811126481
0.200219531627383
0.200914183552263
0.20210563265794
0.202344344960998
0.202629815124163
0.203289197221808
0.204401552576994
0.204667895433767
0.204974167278629
0.205620812760061
0.206677122672234
0.207053084527131
0.207389226350454
0.207890521477712
0.208861519905934
0.209250597812531
0.209615109765828
0.210137355704687
0.211094756108862
0.211491635944678
0.211868823256711
0.212394278661197
0.213326253775445
0.213716373911346
0.213460357686447
0.213839398916186
0.215009771680872
0.216680834304303
0.21720084955311
0.217734479491573
0.218676951665597
0.220149653131045
0.220565392909895
0.221050462113082
0.221973305951258
0.22232811320055
0.222662432863042
0.223348375268301
0.224495330692577
0.225006785242766
0.22548624299275
0.226159385003882
0.227363061586189
0.227904343172045
0.228433645394278
0.229149591042407
0.229529219422593
0.229929843041244
0.230532503164296
0.231619523674977
0.232158076421661
0.232679073640197
0.23335647379291
0.233822397495463
0.233182623907527
0.234015898886707
0.235919951166102
0.236690792707154
0.23753108267701
0.238890422572411
0.239520451785532
0.240116094945448
0.241126747354995
0.242697746419539
0.243269249027504
0.243947476003792
0.245123975304807
0.245637796860522
0.246175960217086
0.247131262611166
0.247604175155125
0.248106366587892
0.249002141420462
0.24987235398395
0.250574595142943
0.251297975398303
0.252254653934654
0.252807815063681
0.253421518616229
0.254270496887955
0.254891107586947
0.255472761802594
0.256229102577205
0.25679002428675
0.2572765885732
0.257884952424825
0.258573005978764
0.259926722599494
0.261300292292558
0.262244959370153
0.263327731756224
0.264604793030968
0.265287606638406
0.266134512595435
0.267648203996224
0.268398610722847
0.269221909955738
0.270502882019794
0.271145528730611
0.271883239606373
0.272651823437343
0.273303213303842
0.274068810821067
0.274923715784073
0.275655103955449
0.276475771268997
0.277072119156254
0.27764185706583
0.278453881664522
0.279190012361356
0.279936198089339
0.280882927176332
0.281646270210582
0.282363418501652
0.282906573888064
0.284250631281792
0.28572226725683
0.286779622628388
0.288046883643351
0.288823155580318
0.289685589846952
0.291185330208154
0.292063581211572
0.293014618979302
0.294553683105346
0.295405633693917
0.296355824925769
0.297370163288708
0.298253124564091
0.299279238284809
0.300043190376312
0.300818317738458
0.302086094728283
0.302880221268452
0.303777109311676
0.304761861968748
0.305633928099112
0.306618570873366
0.307371841404057
0.308137872705135
0.309183962267923
0.310063297070418
0.310994990236022
0.311694514315372
0.311915928091542
0.312977047172503
0.315186558165289
0.316424520264478
0.317759426151945
0.318633767308982
0.319638099385994
0.321393925874426
0.322497315594486
0.323726930965318
0.324658977395714
0.325602191075244
0.327164592543417
0.328180434138428
0.329348709579254
0.330271288649046
0.331231165019856
0.332764710590246
0.333751259607389
0.334891832720473
0.335782012324022
0.336725746571495
0.33752776991258
0.338404162172159
0.339806637179378
0.340881139693537
0.341945283686792
0.342738118762687
0.343574191007821
0.34441535740792
0.344804952912773
0.346132429690587
0.348734915756705
0.350240550936537
0.351934865444011
0.353013874704975
0.354351574396404
0.355462573389978
0.356723159401938
0.357816797594769
0.359025307133757
0.360987942185013
0.362264773695323
0.363747261138327
0.364883292802569
0.366128853824356
0.367109559279386
0.368237814640209
0.36923190122796
0.370387967658268
0.371450152777117
0.372625380770757
0.373697308182529
0.374836785579176
0.376509335000948
0.377787354451627
0.379086181577204
0.380052450717359
0.381126736952155
0.382028431341985
0.382615007589404
0.384729748902217
0.386186691671707
0.388162944245512
0.389498726329233
0.391157047222132
0.392566710631116
0.394211130712651
0.395576150700679
0.397146802613647
0.398466358709665
0.399998245535545
0.401307757835747
0.402828800366662
0.40413272795878
0.405638689898742
0.406925808086899
0.408410270368249
0.409677488654758
0.411143580937797
0.4123937897727
0.413846027117357
0.415080488953423
0.416520434588899
0.417738627236595
0.418610531499477
0.419567655140995
0.420724158102254
0.422118531893677
0.423417410297661
0.424925971964174
0.42646828305784
0.428374327843974
0.430220706301862
0.431657618022346
0.433263411880667
0.434871002125267
0.436816698780478
0.438583780135609
0.440576557454636
0.442245443322735
0.44415207369149
0.4457403255435
0.446858219245375
0.448118748156551
0.449517233671861
0.451299118871661
0.452965390325705
0.454834015987043
0.456389135884788
0.457462293290482
0.458636557426942
0.459963165880848
0.461649205631224
0.46323456490227
0.465002455393405
0.46647924603732
0.467520362107239
0.468668903203907
0.469903075061047
0.471446592464439
0.473201353038275
0.476070655012435
0.478159338346348
0.479605709740646
0.481486794281078
0.483341854510764
0.485273394075252
0.487190844993379
0.488776479302328
0.490661123152312
0.492450855148803
0.493965309826387
0.495690348642648
0.49741164185927
0.499530845691754
0.501435467781886
0.502866497536981
0.504463812113105
0.506012824114911
0.507435586502554
0.509108094636144
0.510754241356335
0.51218504837478
0.513757292509014
0.515322552516502
0.517205087669279
0.51891437120022
0.520243947689622
0.521739242901583
0.52374792394915
0.525711736958582
0.527492433577767
0.530062417404734
0.532248806580641
0.533936110816547
0.536039909089021
0.538118952941678
0.539952707501204
0.542203488083103
0.544313941365349
0.546046511323815
0.548147905975127
0.550130838759348
0.551800785376776
0.553208865887562
0.554967018783004
0.556869775106305
0.558652253468001
0.560680453895018
0.562566021600045
0.564125835363999
0.565967421957236
0.567752980454276
0.569322803660086
0.570689692909653
0.572349533684328
0.574089711235413
0.575691682590939
0.577540163787881
0.578684020996983
0.580704819312734
0.583111266472779
0.58565280352311
0.587981595841272
0.590792812647752
0.593364914964723
0.595412317466823
0.597004365314646
0.59934059594907
0.601510420765211
0.603420378524243
0.605123531044898
0.607349586826658
0.609607045569559
0.611586093033939
0.613210953510046
0.615269134977305
0.617357829753182
0.6192351009046
0.620825158399145
0.622347899671066
0.624286084050508
0.62630853606365
0.628113225053763
0.629624801909252
0.631468523965968
0.633359078209445
0.635082950079964
0.63656867195943
0.638117085032321
0.64060700514905
0.643111515515161
0.645430767442337
0.647549503691486
0.650491372067243
0.653095210602622
0.655232684286442
0.657030861343538
0.658853684026517
0.661652360778696
0.664123603513253
0.666139489443401
0.667819089331789
0.669481258999292
0.671438769768061
0.673926769538566
0.6763083750301
0.678249798346449
0.67979269150209
0.681291771405492
0.682910668028336
0.68482197574543
0.686902702526295
0.688885986854479
0.690607679451396
0.692149647666014
0.693775290023017
0.695843240636339
0.697896391790475
0.699178774245992
0.701527949876778
0.703940366727473
0.706306484619492
0.708587308303088
0.711777119020688
0.714539487411005
0.716760139948737
0.71858971597714
0.720327615642641
0.72223024254371
0.724327760663006
0.726436500245103
0.72905072274721
0.731547802393826
0.733626446452529
0.735308974563368
0.736840474450524
0.738482647233847
0.740311786839345
0.742188696548607
0.743974388196231
0.746166531610019
0.748324581947606
0.750188828060976
0.751745429668903
0.753165268477374
0.75464298405139
0.756246869205127
0.75789555198634
0.759006609943699
0.761368697361876
0.763726165126326
0.766147004522478
0.768799314821187
0.771781711363916
0.774450100371876
0.776662330479872
0.778525234925956
0.780260673200126
0.782049153675513
0.783938789993377
0.785865551018768
0.78775165592432
0.789583161871236
0.791401780693828
0.793235009260192
0.795067096513586
0.797510517587021
0.799884195258031
0.801859641120481
0.803439298735483
0.804816558825052
0.806194547229198
0.807669652173072
0.809218437838254
0.81076651441901
0.812266194924123
0.813723127730861
0.815169260355456
0.816961223396667
0.81932760198633
0.821862293776761
0.824182958433469
0.826185375855887
0.827986369459092
0.829751642043237
0.831567926748976
0.833420519487952
0.835255792506002
0.837039481574905
0.838776649744535
0.840489422362793
0.842189529461528
0.843872178285802
0.845528397063344
0.847156219940916
0.848759710607803
0.850341667814292
0.851901209927382
0.853436542230133
0.85494810887039
0.856437139787258
0.857903939665826
0.85934819183596
0.860770076392353
0.862170199497642
0.864275303887415
0.865550185523127
0.866241817696369
0.868202898682915
0.870882856936989
0.872118339395991
0.874414864409448
0.876682361894473
0.878638650411785
0.880561788343455
0.882195486285336
0.883864409074763
0.885440993505919
0.886914802621329
0.888328777705252
0.889723070399915
0.891115927045704
0.892502859078477
0.893872230876364
0.895216613144649
0.896532516233673
0.897822587640048
0.899090269544245
0.900336929021993
0.901564604123845
0.902772486473728
0.903959935014471
0.905127009129683
0.906274281668495
0.907402455812933
0.908512119117626
0.909603700625123
0.910677541345652
0.91012349704722
0.911368436659002
0.9131328014505
0.915117930011026
0.916929137038983
0.918470351268984
0.919851554414258
0.921191771717396
0.922539542964933
0.923880511620624
0.925188054187466
0.92645128744779
0.927674790570082
0.928867488245726
0.930035051322681
0.931178946378555
0.932298780023865
0.933394392295433
0.93446646016988
0.935516123640855
0.93654450457294
0.937552492211742
0.938540773918838
0.939510053570624
0.94046091863757
0.941393697827357
0.942308950639215
0.943177023092019
0.943006075378114
0.944047447414342
0.943671336712351
0.945138771516177
0.946724658194879
0.948286841240996
0.949696493106994
0.950950988211433
0.952110248265389
0.953225443257985
0.954316789493133
0.955384273800944
0.956423308012131
0.957432346051538
0.958413177794185
0.959368722187336
0.958546138766116
0.95970048239022
0.961062630778174
0.960634503082259
0.962055256446602
0.961777882789428
0.961703485484611
0.962348797235862
0.963128784068752
0.963906310757872
0.964652409749641
0.96537126296665
0.96560916650069
0.965969021700376
0.96691638898482
0.967863226024765
0.964057510496298
0.966521533207543
0.969860216000941
0.971373690384002
0.97256892068455
0.970485285528677
0.973517042311335
0.972778399610424
0.972769647772
0.973231586752544
0.973803940573197
0.974393026021825
0.975017078480787
0.975661074467621
0.976296702335387
0.976915053897849
0.97751888212533
0.978109786118026
0.978687039067187
0.979250484748408
0.979800681472369
0.980338079630881
0.980863796299767
0.981378541072053
0.981882746995224
0.98237682856641
0.982861233713201
0.983336394248298
0.983802696046736
0.984260483887095
0.984687261935401
0.988853947913931
0.986233205823813
0.99086920570102
0.988004398006025
0.98580893523214
0.992347836207012
0.990789209252493
0.988530564084248
0.986839831649675
0.994298376901344
0.992912047532015
0.990744650325412
0.989302644541377
0.988465271044426
0.988163725111227
0.988301651490538
0.989060121579544
0.989635216128951
0.990006635452191
0.990365010768891
0.990733854441443
0.991088303755906
0.991428140838978
0.991760379101209
0.99208707932575
0.992407993289225
0.992723182562933
0.993033008681503
0.993337750820419
0.997734496749205
0.989130800010701
0.998004164211442
0.991163438335008
0.985016864633237
0.994790346947242
0.991018683870063
0.99091658467643
0.991268717362508
0.99231530014973
0.992810378352421
0.99315286337655
0.993635309800305
0.994040681780288
