5.3579046841534e-08
5.66374882745867e-08
5.76989641708834e-08
5.87538027883565e-08
5.98619438184907e-08
6.06769540196161e-08
6.15051259615988e-08
6.24494811073336e-08
6.35499287174283e-08
6.48244187908766e-08
6.57806278324642e-08
6.67522614996764e-08
6.78448487337524e-08
6.90933573902113e-08
7.01176269525121e-08
7.11206695362649e-08
7.21844210100843e-08
7.34281314239933e-08
7.48421665422372e-08
7.5915982517388e-08
7.70004263106561e-08
7.81568444242865e-08
7.94961162918075e-08
8.06007949662978e-08
8.16895223082238e-08
8.28363932817179e-08
8.41539080760987e-08
8.52710637722827e-08
8.63740652195778e-08
8.75353784064953e-08
8.88625537232156e-08
9.03569334222101e-08
9.20626705731684e-08
9.40290816170714e-08
9.63306844103817e-08
9.80411695576398e-08
9.97448375551394e-08
1.01627203478764e-07
1.03771182577723e-07
1.05472632430414e-07
1.07187502110266e-07
1.09097118312357e-07
1.11262168836875e-07
1.13000620876183e-07
1.14754324298119e-07
1.16698611941233e-07
1.18888495176336e-07
1.20705846398381e-07
1.22499761195042e-07
1.24397515182487e-07
1.26591905146456e-07
1.28443968723937e-07
1.30283844608333e-07
1.32229667276247e-07
1.34466302059718e-07
1.36347960291961e-07
1.38223384804872e-07
1.40205793707211e-07
1.42476195974027e-07
1.44381807097068e-07
1.46289066436978e-07
1.48318138052338e-07
1.51222578149529e-07
1.54803515144791e-07
1.57705685335441e-07
1.60630387682331e-07
1.63885032257567e-07
1.6756789225996e-07
1.70476161356571e-07
1.73430848746272e-07
1.76734359596372e-07
1.79964636320348e-07
1.82787042272522e-07
1.8576369873224e-07
1.89237696945152e-07
1.92246876424689e-07
1.95256735039225e-07
1.98464166237989e-07
2.02183754269753e-07
2.05307303778989e-07
2.0843745461496e-07
2.11760845344119e-07
2.14751171898531e-07
2.17781461584845e-07
2.21029009656841e-07
2.24788434727203e-07
2.27989094542147e-07
2.31201993310697e-07
2.3460131530739e-07
2.37767202740356e-07
2.40887488824508e-07
2.45183670587238e-07
2.50815198568708e-07
2.5559833603681e-07
2.60446699636291e-07
2.65928135315835e-07
2.70696079950034e-07
2.75486073940886e-07
2.80841271097736e-07
2.86720757313751e-07
2.91665684807253e-07
2.96772519686512e-07
3.02540873013509e-07
3.07447877116837e-07
3.12418156204691e-07
3.17978422597707e-07
3.22861019350964e-07
3.27826195090715e-07
3.33388927037993e-07
3.38386784334819e-07
3.43444644819732e-07
3.49048036083857e-07
3.54152598004783e-07
3.59293742214543e-07
3.6476827675183e-07
3.71039461120868e-07
3.76449298301636e-07
3.81902046928661e-07
3.87678804661789e-07
3.92886786808478e-07
3.98230973713373e-07
4.04984090125516e-07
4.12716370057942e-07
4.21963387549473e-07
4.30068266813423e-07
4.38185054666326e-07
4.47211435405888e-07
4.55352980031948e-07
4.63558653752924e-07
4.72693389952479e-07
4.80960717690277e-07
4.8929715375048e-07
4.98542483994433e-07
5.06909510541288e-07
5.15362511142934e-07
5.24726083433272e-07
5.33187641311535e-07
5.4175753208859e-07
5.51248797593246e-07
5.59798839999696e-07
5.68483741495224e-07
5.78108679539472e-07
5.86741817699507e-07
5.95540283942325e-07
6.05304095224589e-07
6.14016530513085e-07
6.22928154372954e-07
6.31975423443858e-07
6.40859533096545e-07
6.50004037167196e-07
6.58779401716906e-07
6.71298669499131e-07
6.84025684103808e-07
6.9788228996698e-07
7.13542019970568e-07
7.27391161515704e-07
7.41461182883389e-07
7.57254875898712e-07
7.71052904203803e-07
7.85250923788468e-07
7.98668344272936e-07
8.12143308690035e-07
8.27316909710306e-07
8.41275576187953e-07
8.5563461122698e-07
8.71801763342892e-07
8.8613673321933e-07
9.00876126482952e-07
9.14837161313784e-07
9.28890465000284e-07
9.44587735423614e-07
9.5934098362586e-07
9.7417352825793e-07
9.88276983195363e-07
1.00251412571277e-06
1.01841434049946e-06
1.03349555972032e-06
1.04864509425104e-06
1.06313277174401e-06
1.07773682622417e-06
1.09340369849556e-06
1.11668958185304e-06
1.13835874813965e-06
1.16053602953804e-06
1.18586850885193e-06
1.20886992102579e-06
1.23260152776805e-06
1.25529146395425e-06
1.27820828502217e-06
1.30405107876533e-06
1.32752057794094e-06
1.35186278925017e-06
1.37512619274679e-06
1.39874839797102e-06
1.42320923411291e-06
1.4473989638718e-06
1.47268031738898e-06
1.49685437919291e-06
1.52152357662098e-06
1.54519260316652e-06
1.56931644807439e-06
1.59316473859828e-06
1.61758433535589e-06
1.64475157882044e-06
1.67030812407864e-06
1.69591926802411e-06
1.72014801356928e-06
1.74476535204588e-06
1.76905722856397e-06
1.7941129545164e-06
1.8194489891916e-06
1.85538470208988e-06
1.89168993163767e-06
1.93190255204335e-06
1.97064169737743e-06
2.00994800297019e-06
2.04825242284942e-06
2.08727910697439e-06
2.13137354645738e-06
2.17142635067337e-06
2.21314286589106e-06
2.25276692118114e-06
2.29343109276646e-06
2.33234561742025e-06
2.37256462802503e-06
2.41177150611612e-06
2.45247192616211e-06
2.49242085378268e-06
2.53366808519918e-06
2.57408945443183e-06
2.61556706445277e-06
2.65626989790258e-06
2.69795453340487e-06
2.73902440774306e-06
2.78104056296611e-06
2.82250996355162e-06
2.86484568963741e-06
2.90664437051613e-06
2.94924910166566e-06
2.99134960218812e-06
3.03423655851817e-06
3.09153799730973e-06
3.1575765922038e-06
3.22238003450375e-06
3.28934843951663e-06
3.35438672716041e-06
3.42136787788903e-06
3.48647151814727e-06
3.55381862828609e-06
3.61947889636551e-06
3.68760706881257e-06
3.75394079300906e-06
3.82280986871636e-06
3.88968186625261e-06
3.95919346607686e-06
4.02656068632484e-06
4.09674393330453e-06
4.16464664083934e-06
4.22868454041033e-06
4.29403007704202e-06
4.36156702807659e-06
4.43260056262624e-06
4.50307604810465e-06
4.57502051998986e-06
4.64468726890244e-06
4.7160134818e-06
4.78567955732506e-06
4.85796880885091e-06
4.9286788973459e-06
4.99625558548756e-06
5.06516985026288e-06
5.17277960158485e-06
5.28006390100361e-06
5.38335901263177e-06
5.48955154477898e-06
5.59693039939149e-06
5.71231173667453e-06
5.82308304143579e-06
5.9373230801263e-06
6.04805876543531e-06
6.15316432127632e-06
6.26119542781137e-06
6.37175960011194e-06
6.49138945198848e-06
6.60603323143995e-06
6.72386597370375e-06
6.83778571503105e-06
6.94588750244656e-06
7.05744059313186e-06
7.17042717638566e-06
7.2906121099143e-06
7.40922283728157e-06
7.52184515001065e-06
7.63662210319209e-06
7.75143698058924e-06
7.87272867521064e-06
7.99256430301878e-06
8.10716267122139e-06
8.22444708178626e-06
8.34151819442011e-06
8.45729508677434e-06
8.62925323154134e-06
8.805800999527e-06
8.98333119911569e-06
9.17454779600949e-06
9.35845668748335e-06
9.53098364187248e-06
9.71684439762342e-06
9.90001657113765e-06
1.00783295782035e-05
1.02625767093423e-05
1.04492644314732e-05
1.06508037028868e-05
1.08431902747683e-05
1.10206748786855e-05
1.12092839121184e-05
1.13996539011257e-05
1.15862160759783e-05
1.17798563353476e-05
1.19719190973366e-05
1.21584146563871e-05
1.23518517882609e-05
1.25452555690821e-05
1.27347926290827e-05
1.29314941812673e-05
1.31275504733451e-05
1.33187826747705e-05
1.35169270207276e-05
1.37144576255318e-05
1.39075228452125e-05
1.41079594274703e-05
1.43728667721569e-05
1.46865748644847e-05
1.4994402082545e-05
1.52889767539458e-05
1.5572840174484e-05
1.58715882540398e-05
1.61787459283373e-05
1.64844047208266e-05
1.68026204461699e-05
1.71163263516621e-05
1.74176192632105e-05
1.77105465260549e-05
1.80174181841715e-05
1.83326589156242e-05
1.86458821425356e-05
1.89704408180406e-05
1.92906713341868e-05
1.95994446523052e-05
1.99003240156526e-05
2.02155923710213e-05
2.05378791055635e-05
2.08573174720506e-05
2.11690042263465e-05
2.14902270441128e-05
2.18151032301675e-05
2.21359581636431e-05
2.24692411117946e-05
2.27998131932736e-05
2.31207233261946e-05
2.34330841784463e-05
2.38804337002591e-05
2.43687991103925e-05
2.4862143332035e-05
2.53531465849021e-05
2.58782118488987e-05
2.63887566119439e-05
2.68785732128367e-05
2.73557085533435e-05
2.78767342630901e-05
2.83904186952516e-05
2.88908635027819e-05
2.93802746584632e-05
2.98720024341468e-05
3.04038786641304e-05
3.09262175378776e-05
3.1432512518662e-05
3.19280838352675e-05
3.24308712558189e-05
3.29622748670106e-05
3.34977356653252e-05
3.40190366358836e-05
3.45234989732857e-05
3.50286026322521e-05
3.55617352177788e-05
3.61021855445641e-05
3.66319974013218e-05
3.7145995591717e-05
3.76572162205366e-05
3.81964709719861e-05
3.87428550339958e-05
3.94727134536684e-05
4.02629447210428e-05
4.10600407726316e-05
4.18608518975696e-05
4.27195833163034e-05
4.35556727447117e-05
4.4359870381123e-05
4.51426951004892e-05
4.59287022266933e-05
4.67397591860335e-05
4.76194177827912e-05
4.84714210333818e-05
4.92869722291935e-05
5.00796163522163e-05
5.08753110917699e-05
5.16945156815671e-05
5.25320812631668e-05
5.3406874075959e-05
5.42732490912975e-05
5.51102241301946e-05
5.59223596873567e-05
5.67319928474592e-05
5.75608600165116e-05
5.84086074160465e-05
5.92968182076693e-05
6.01774648899903e-05
6.10292597895518e-05
6.18556711905842e-05
6.26767100147048e-05
6.35124204835026e-05
6.46880486401062e-05
6.5968356456346e-05
6.72545896438102e-05
6.8583323251838e-05
6.99503016510659e-05
7.12944149375352e-05
7.2599600263305e-05
7.38745440516637e-05
7.51425663123214e-05
7.64251867472406e-05
7.77284049211954e-05
7.90422885505503e-05
8.0355567327442e-05
8.17504315882562e-05
8.31368278666906e-05
8.44968383571813e-05
8.58143474866965e-05
8.71042812904085e-05
8.83934757886376e-05
8.970115698494e-05
9.10285322476516e-05
9.23639177586589e-05
9.36974962167846e-05
9.50305693450386e-05
9.63707524201322e-05
9.77878559532654e-05
9.91989240175934e-05
0.000100584670392557
0.000101930256821809
0.000103251020299752
0.000105008173960665
0.000107099957631241
0.000109240593477207
0.000111372626429043
0.000113457680585301
0.000115496058712189
0.000117513045503453
0.000119535940815428
0.000121577966617643
0.000123636049129158
0.000125700154142953
0.0001277640775722
0.000129829004321242
0.000131899201734958
0.000133977091995002
0.000136060850796168
0.00013814796965972
0.00014023834903718
0.000142333252032592
0.000144432781500838
0.000146664861114214
0.000148752054015264
0.000150899878775157
0.000153074760896155
0.000155224897861385
0.000157334763471252
0.000159418787838589
0.000161500045618639
0.000163593405731892
0.00016570062311914
0.000168516764817659
0.00017168443878068
0.000174889936700781
0.00017812543415216
0.000181352705943133
0.000184559708958802
0.000187762718463628
0.00019097691423253
0.000194200531603361
0.000197425107911012
0.000200648803752722
0.000203875650366754
0.000207107774878095
0.000210343466388341
0.000213581128788754
0.000216821293620142
0.000220064783932287
0.000223311199681137
0.000226560032413638
0.000229811290056425
0.000233065142737422
0.000236321446376885
0.000239579976107504
0.000242840688205137
0.000246183185561304
0.000249326337321312
0.000252588249640726
0.000256062656101821
0.000259303330716252
0.00026268741406632
0.000266858088943162
0.000271725958467466
0.000276674549746898
0.000281721073396446
0.000286739592148852
0.000291688075709503
0.000296613078228133
0.00030155762859451
0.000306519900689719
0.000311480586500925
0.000316433213679369
0.000321384335560407
0.00032634007729623
0.000331300329542309
0.00033626238546412
0.000341225163316911
0.000346189442680862
0.000351156099674694
0.000356125203385463
0.000361096388498185
0.000366069433358672
0.000371044370096153
0.000376021312948911
0.000381000199024886
0.000385980984771717
0.000390963644061866
0.000395948150292798
0.000400934469277147
0.0004059225633113
0.000410912396514704
0.000418123046055717
0.000425776204314989
0.000433459877089177
0.000441119174908784
0.000448726298994829
0.000456292613230818
0.000463842548885936
0.00047139289080175
0.000478948585576629
0.000486507970142622
0.000494068503530139
0.000501629245059309
0.000509190675434425
0.000516753694895985
0.000524302045101045
0.000531035434522889
0.00053872012140711
0.00054567412925736
0.000553591217063222
0.000560656048946748
0.000567814064843305
0.000575323915666253
0.000582889208334762
0.000590451715521476
0.000598004251128165
0.000605551775362581
0.000612859585178034
0.000620242952192677
0.000627356166471315
0.000635255970041384
0.000645336344897448
0.000656743918280463
0.000668343836540531
0.000680030468616755
0.000691602297615102
0.000703046260070155
0.000714442108233394
0.000725842822515249
0.000737253962724258
0.000748664154646191
0.000760067561318785
0.000771466037042149
0.000782863432025475
0.000794261996118628
0.000805662256253414
0.000817064122563849
0.00082846760307223
0.000839872905932373
0.000851280293782691
0.000862689971198613
0.000874102057128621
0.000885516634795089
0.000896933766607284
0.000906655567673807
0.000918285619567455
0.000930139209994498
0.000940228614007862
0.000952215380322227
0.000962445709262892
0.000972890757951264
0.000989525932156944
0.00100759540820518
0.00102576325114606
0.00104374399144468
0.0010614204587938
0.00107887075746171
0.00109620997126759
0.00111037867483942
0.00112797072566315
0.00114600878652544
0.00116077979150066
0.00117904794846615
0.00119402771939129
0.00120944350216684
0.00122655267762824
0.00124401901203269
0.0012614624701897
0.0012788125853105
0.0012960896789375
0.00131336884430333
0.00132916123716367
0.00134518677908181
0.00136304851159872
0.00138113889094606
0.00139735499367551
0.00141355437440694
0.00142999552209286
0.00144670148150057
0.00146360425163435
0.00148061935966314
0.00149862469927794
0.00152385460587266
0.00155152702275981
0.00157900613415966
0.00160562796067851
0.00163172391243159
0.00165763509528429
0.0016834849235661
0.00170929210092915
0.00173506523454718
0.00176081551664367
0.00178655198535633
0.00181228016153767
0.00183800328929207
0.00186372351477211
0.00188944243376034
0.00191516128975649
0.00194088106221223
0.00196660252671575
0.0019923263108931
0.00201805491455705
0.00202433815676366
0.00205994007289364
0.00207395097733233
0.00211268055687055
0.00212536210904546
0.00216369790050436
0.00217635406991377
0.00221477952027446
0.00222711226327313
0.00227949634687203
0.00230994079374858
0.00233823724553073
0.00236081371662021
0.00241453305876606
0.00245178002466754
0.00248751606850278
0.00252537432708485
0.00256355212117913
0.00260210695075326
0.00264008570160663
0.00267839992249165
0.00271656460515505
0.00275472757396228
0.00279296571189458
0.00283115001312748
0.00286936697736243
0.00290760138001321
0.00294581897332777
0.00298405472010985
0.00302229746409241
0.00306054012529246
0.00309879154501584
0.00313704812337886
0.00317530803738309
0.00321357346795778
0.00325184355969655
0.00325426860823587
0.00331237823610038
0.00335340741132495
0.00341287050342489
0.00343048514769524
0.00348524271855629
0.00355699176685806
0.00363332122039783
0.00368373560761952
0.00372779344349509
0.00380404200980469
0.00384307801913013
0.0038806302625373
0.00397835286856099
0.00401811184507395
0.00403741205001953
0.00409532070220463
0.00415324255508839
0.0042385279389683
0.00428113025300929
0.00431798248948099
0.00439910887338248
0.00447625626988158
0.0045279749236596
0.00457729843515725
0.00462096832521154
0.0046699525637012
0.00472723452479092
0.00479419299079445
0.00484187042386215
0.00492763785141231
0.00498793118103286
0.00501076282076993
0.00511675856047349
0.00514798713822008
0.00525709258612716
0.00537562947677468
0.00541180650792401
0.00547059662691882
0.00557510508695939
0.00568904076234246
0.00575178866725364
0.00585424391930545
0.00590744215230182
0.00602055663334288
0.00608980128373911
0.006196988548417
0.00627021686546329
0.00638025324765917
0.0064384739934078
0.0065387807599753
0.00656025958225712
0.00668407968724817
0.00673668961634259
0.00686819682608398
0.00691127003457767
0.00700913511282421
0.00713826436900432
0.00723001386769632
0.00725768414972795
0.0073424741518121
0.00746262898352293
0.00749798588350926
0.00760599238320241
0.00771727959021889
0.00785777848634203
0.00801289168348183
0.00817685427189485
0.00828126561803516
0.00833483475936374
0.00847872817241364
0.00865277879984318
0.00879031920973643
0.00884725450006279
0.00905414330778425
0.00910367589453127
0.0092132531911564
0.00945289703247128
0.00957500192529467
