2.99753322940746e-07
3.04749211656425e-07
3.09745100372104e-07
3.14740989087783e-07
3.19736877803462e-07
3.24732766519141e-07
3.2972865523482e-07
3.34724543950499e-07
3.39720432666179e-07
3.44716321381858e-07
3.49712210097537e-07
3.54708098813216e-07
3.59703987528895e-07
3.64699876244574e-07
3.69695764960253e-07
3.74691653675932e-07
3.79687542391611e-07
3.8468343110729e-07
3.8967931982297e-07
3.94675208538649e-07
3.99671097254328e-07
4.04666985970007e-07
4.09662874685686e-07
4.14658763401365e-07
4.19654652117044e-07
4.24650540832723e-07
4.29646429548402e-07
4.34642318264081e-07
4.39638206979761e-07
4.4463409569544e-07
4.49629984411119e-07
4.57123817484637e-07
4.64617650558156e-07
4.72111483631675e-07
4.79605316705193e-07
4.87099149778712e-07
4.94592982852231e-07
5.02086815925749e-07
5.09580648999268e-07
5.17074482072787e-07
5.24568315146305e-07
5.32062148219824e-07
5.39555981293343e-07
5.47049814366861e-07
5.5454364744038e-07
5.62037480513898e-07
5.69531313587417e-07
5.77025146660936e-07
5.84518979734454e-07
5.92012812807973e-07
5.99506645881492e-07
6.0700047895501e-07
6.14494312028529e-07
6.21988145102048e-07
6.29481978175566e-07
6.36975811249085e-07
6.44469644322604e-07
6.51963477396122e-07
6.59457310469641e-07
6.66951143543159e-07
6.74444976616678e-07
6.85685726226956e-07
6.96926475837234e-07
7.08167225447512e-07
7.1940797505779e-07
7.30648724668068e-07
7.41889474278346e-07
7.53130223888624e-07
7.64370973498902e-07
7.7561172310918e-07
7.86852472719458e-07
7.98093222329736e-07
8.09333971940014e-07
8.20574721550292e-07
8.3181547116057e-07
8.43056220770848e-07
8.54296970381126e-07
8.65537719991404e-07
8.76778469601682e-07
8.88019219211959e-07
8.99259968822237e-07
9.10500718432515e-07
9.21741468042793e-07
9.32982217653071e-07
9.44222967263349e-07
9.55463716873627e-07
9.66704466483905e-07
9.77945216094183e-07
9.89185965704461e-07
1.00042671531474e-06
1.01166746492502e-06
1.02852858934043e-06
1.04538971375585e-06
1.06225083817127e-06
1.07911196258668e-06
1.0959730870021e-06
1.11283421141752e-06
1.12969533583294e-06
1.14655646024835e-06
1.16341758466377e-06
1.18027870907919e-06
1.1971398334946e-06
1.21400095791002e-06
1.23086208232544e-06
1.24772320674085e-06
1.26458433115627e-06
1.28144545557169e-06
1.29830657998711e-06
1.31516770440252e-06
1.33202882881794e-06
1.34888995323336e-06
1.36575107764877e-06
1.38261220206419e-06
1.39947332647961e-06
1.41633445089502e-06
1.43319557531044e-06
1.45005669972586e-06
1.46691782414127e-06
1.48377894855669e-06
1.50064007297211e-06
1.51750119738753e-06
1.54279288401065e-06
1.56808457063378e-06
1.5933762572569e-06
1.61866794388003e-06
1.64395963050315e-06
1.66925131712628e-06
1.6945430037494e-06
1.71983469037253e-06
1.74512637699565e-06
1.77041806361878e-06
1.79570975024191e-06
1.82100143686503e-06
1.84629312348816e-06
1.87158481011128e-06
1.89687649673441e-06
1.92216818335753e-06
1.94745986998066e-06
1.97275155660378e-06
1.99804324322691e-06
2.02333492985003e-06
2.04862661647316e-06
2.07391830309628e-06
2.09920998971941e-06
2.12450167634254e-06
2.14979336296566e-06
2.17508504958879e-06
2.20037673621191e-06
2.22566842283504e-06
2.25096010945816e-06
2.27625179608129e-06
2.31418932601598e-06
2.35212685595066e-06
2.39006438588535e-06
2.42800191582004e-06
2.46593944575473e-06
2.50387697568942e-06
2.54181450562411e-06
2.57975203555879e-06
2.61768956549348e-06
2.65562709542817e-06
2.69356462536286e-06
2.73150215529755e-06
2.76943968523223e-06
2.80737721516692e-06
2.84531474510161e-06
2.8832522750363e-06
2.92118980497099e-06
2.95912733490567e-06
2.99706486484036e-06
3.03500239477505e-06
3.07293992470974e-06
3.11087745464443e-06
3.14881498457912e-06
3.1867525145138e-06
3.22469004444849e-06
3.26262757438318e-06
3.30056510431787e-06
3.33850263425256e-06
3.37644016418724e-06
3.41437769412193e-06
3.47128398902396e-06
3.528190283926e-06
3.58509657882803e-06
3.64200287373006e-06
3.69890916863209e-06
3.75581546353413e-06
3.81272175843616e-06
3.86962805333819e-06
3.92653434824022e-06
3.98344064314225e-06
4.04034693804429e-06
4.09725323294632e-06
4.15415952784835e-06
4.21106582275038e-06
4.26797211765242e-06
4.32487841255445e-06
4.38178470745648e-06
4.43869100235851e-06
4.49559729726054e-06
4.55250359216258e-06
4.60940988706461e-06
4.66631618196664e-06
4.72322247686867e-06
4.7801287717707e-06
4.83703506667274e-06
4.89394136157477e-06
4.9508476564768e-06
5.00775395137883e-06
5.06466024628087e-06
5.1215665411829e-06
5.20692598353595e-06
5.292285425889e-06
5.37764486824204e-06
5.46300431059509e-06
5.54836375294814e-06
5.63372319530119e-06
5.71908263765424e-06
5.80444208000728e-06
5.88980152236033e-06
5.97516096471338e-06
6.06052040706643e-06
6.14587984941948e-06
6.23123929177253e-06
6.31659873412557e-06
6.40195817647862e-06
6.48731761883167e-06
6.57267706118472e-06
6.65803650353777e-06
6.74339594589082e-06
6.82875538824386e-06
6.91411483059691e-06
6.99947427294996e-06
7.08483371530301e-06
7.17019315765606e-06
7.25555260000911e-06
7.34091204236215e-06
7.4262714847152e-06
7.51163092706825e-06
7.5969903694213e-06
7.68234981177435e-06
7.81038897530392e-06
7.93842813883349e-06
8.06646730236306e-06
8.19450646589264e-06
8.32254562942221e-06
8.45058479295178e-06
8.57862395648135e-06
8.70666312001093e-06
8.8347022835405e-06
8.96274144707007e-06
9.09078061059964e-06
9.21881977412922e-06
9.34685893765879e-06
9.47489810118836e-06
9.60293726471793e-06
9.73097642824751e-06
9.85901559177708e-06
9.98705475530665e-06
1.01150939188362e-05
1.02431330823658e-05
1.03711722458954e-05
1.04992114094249e-05
1.06272505729545e-05
1.07552897364841e-05
1.08833289000137e-05
1.10113680635432e-05
1.11394072270728e-05
1.12674463906024e-05
1.13954855541319e-05
1.15235247176615e-05
1.17155834629559e-05
1.19076422082502e-05
1.20997009535446e-05
1.2291759698839e-05
1.24838184441333e-05
1.26758771894277e-05
1.2867935934722e-05
1.30599946800164e-05
1.32520534253107e-05
1.34441121706051e-05
1.36361709158995e-05
1.38282296611938e-05
1.40202884064882e-05
1.42123471517825e-05
1.44044058970769e-05
1.45964646423713e-05
1.47885233876656e-05
1.498058213296e-05
1.51726408782543e-05
1.53646996235487e-05
1.55567583688431e-05
1.57488171141374e-05
1.59408758594318e-05
1.61329346047261e-05
1.63249933500205e-05
1.65170520953148e-05
1.67091108406092e-05
1.69011695859036e-05
1.70932283311979e-05
1.72852870764923e-05
1.75733751944338e-05
1.78614633123754e-05
1.81495514303169e-05
1.84376395482584e-05
1.87257276662e-05
1.90138157841415e-05
1.9301903902083e-05
1.95899920200246e-05
1.98780801379661e-05
2.01661682559077e-05
2.04542563738492e-05
2.07423444917907e-05
2.10304326097323e-05
2.13185207276738e-05
2.16066088456154e-05
2.18946969635569e-05
2.21827850814984e-05
2.247087319944e-05
2.27589613173815e-05
2.3047049435323e-05
2.33351375532646e-05
2.36232256712061e-05
2.39113137891477e-05
2.41994019070892e-05
2.44874900250307e-05
2.47755781429723e-05
2.50636662609138e-05
2.53517543788553e-05
2.56398424967969e-05
2.59279306147384e-05
2.63600627916507e-05
2.6792194968563e-05
2.72243271454753e-05
2.76564593223877e-05
2.80885914993e-05
2.85207236762123e-05
2.89528558531246e-05
2.93849880300369e-05
2.98171202069492e-05
3.02492523838615e-05
3.06813845607738e-05
3.11135167376861e-05
3.15456489145984e-05
3.19777810915107e-05
3.2409913268423e-05
3.28420454453353e-05
3.32741776222476e-05
3.370630979916e-05
3.41384419760723e-05
3.45705741529846e-05
3.50027063298969e-05
3.54348385068092e-05
3.58669706837215e-05
3.62991028606338e-05
3.67312350375461e-05
3.71633672144584e-05
3.75954993913707e-05
3.8027631568283e-05
3.84597637451953e-05
3.88918959221076e-05
3.95400941874761e-05
4.01882924528446e-05
4.0836490718213e-05
4.14846889835815e-05
4.21328872489499e-05
4.27810855143184e-05
4.34292837796869e-05
4.40774820450553e-05
4.47256803104238e-05
4.53738785757922e-05
4.60220768411607e-05
4.66702751065292e-05
4.73184733718976e-05
4.79666716372661e-05
4.86148699026345e-05
4.9263068168003e-05
4.99112664333715e-05
5.05594646987399e-05
5.12076629641084e-05
5.18558612294768e-05
5.25040594948453e-05
5.31522577602138e-05
5.38004560255822e-05
5.44486542909507e-05
5.50968525563191e-05
5.57450508216876e-05
5.63932490870561e-05
5.70414473524245e-05
5.7689645617793e-05
5.83378438831615e-05
5.93101412812141e-05
6.02824386792668e-05
6.12547360773195e-05
6.22270334753722e-05
6.31993308734249e-05
6.41716282714776e-05
6.51439256695303e-05
6.6116223067583e-05
6.70885204656357e-05
6.80608178636884e-05
6.9033115261741e-05
7.00054126597937e-05
7.09777100578464e-05
7.19500074558991e-05
7.29223048539518e-05
7.38946022520045e-05
7.48668996500572e-05
7.58391970481099e-05
7.68114944461626e-05
7.77837918442153e-05
7.8756089242268e-05
7.97283866403207e-05
8.07006840383733e-05
8.1672981436426e-05
8.26452788344787e-05
8.36175762325314e-05
8.45898736305841e-05
8.55621710286368e-05
8.65344684266895e-05
8.75067658247422e-05
8.89652119218212e-05
9.04236580189003e-05
9.18821041159793e-05
9.33405502130583e-05
9.47989963101374e-05
9.62574424072164e-05
9.77158885042954e-05
9.91743346013745e-05
0.000100632780698454
0.000102091226795533
0.000103549672892612
0.000105008118989691
0.00010646656508677
0.000107925011183849
0.000109383457280928
0.000110841903378007
0.000112300349475086
0.000113758795572165
0.000115217241669244
0.000116675687766323
0.000118134133863402
0.000119592579960481
0.00012105102605756
0.000122509472154639
0.000123967918251718
0.000125426364348797
0.000126884810445876
0.000128343256542955
0.000129801702640034
0.000131260148737113
0.000133447817882732
0.00013563548702835
0.000137823156173969
0.000140010825319587
0.000142198494465206
0.000144386163610825
0.000146573832756443
0.000148761501902062
0.00015094917104768
0.000153136840193299
0.000155324509338917
0.000157512178484536
0.000159699847630154
0.000161887516775773
0.000164075185921392
0.00016626285506701
0.000168450524212629
0.000170638193358247
0.000172825862503866
0.000175013531649484
0.000177201200795103
0.000179388869940721
0.00018157653908634
0.000183764208231959
0.000185951877377577
0.000188139546523196
0.000190327215668814
0.000192514884814433
0.000194702553960051
0.00019689022310567
0.000200171726824098
0.000203453230542526
0.000206734734260953
0.000210016237979381
0.000213297741697809
0.000216579245416237
0.000219860749134665
0.000223142252853093
0.00022642375657152
0.000229705260289948
0.000232986764008376
0.000236268267726804
0.000239549771445232
0.00024283127516366
0.000246112778882087
0.000249394282600515
0.000252675786318943
0.000255957290037371
0.000259238793755799
0.000262520297474227
0.000265801801192654
0.000269083304911082
0.00027236480862951
0.000275646312347938
0.000278927816066366
0.000282209319784794
0.000285490823503221
0.000288772327221649
0.000292053830940077
0.000295335334658505
0.000300257590236147
0.000305179845813788
0.00031010210139143
0.000315024356969072
0.000319946612546714
0.000324868868124355
0.000329791123701997
0.000334713379279639
0.000339635634857281
0.000344557890434922
0.000349480146012564
0.000354402401590206
0.000359324657167848
0.000364246912745489
0.000369169168323131
0.000374091423900773
0.000379013679478415
0.000383935935056056
0.000388858190633698
0.00039378044621134
0.000398702701788982
0.000403624957366623
0.000408547212944265
0.000413469468521907
0.000418391724099548
0.00042331397967719
0.000428236235254832
0.000433158490832474
0.000438080746410115
0.000443003001987757
0.00045038638535422
0.000457769768720683
0.000465153152087145
0.000472536535453608
0.00047991991882007
0.000487303302186533
0.000494686685552996
0.000502070068919458
0.000509453452285921
0.000516836835652383
0.000524220219018846
0.000531603602385309
0.000538986985751771
0.000546370369118234
0.000553753752484697
0.000561137135851159
0.000568520519217622
0.000575903902584084
0.000583287285950547
0.00059067066931701
0.000598054052683472
0.000605437436049935
0.000612820819416398
0.00062020420278286
0.000627587586149323
0.000634970969515785
0.000642354352882248
0.000649737736248711
0.000657121119615173
0.000664504502981636
0.00067557957803133
0.000686654653081024
0.000697729728130718
0.000708804803180412
0.000719879878230105
0.000730954953279799
0.000742030028329493
0.000753105103379187
0.000764180178428881
0.000775255253478575
0.000786330328528269
0.000797405403577963
0.000808480478627657
0.000819555553677351
0.000830630628727045
0.000841705703776739
0.000852780778826433
0.000863855853876127
0.00087493092892582
0.000886006003975514
0.000897081079025208
0.000908156154074902
0.000919231229124596
0.00093030630417429
0.000941381379223984
0.000952456454273678
0.000963531529323372
0.000974606604373066
0.00098568167942276
0.000996756754472454
0.00101336936704699
0.00102998197962154
0.00104659459219608
0.00106320720477062
0.00107981981734516
0.0010964324299197
0.00111304504249424
0.00112965765506878
0.00114627026764332
0.00116288288021786
0.0011794954927924
0.00119610810536694
0.00121272071794149
0.00122933333051603
0.00124594594309057
0.00126255855566511
0.00127917116823965
0.00129578378081419
0.00131239639338873
0.00132900900596327
0.00134562161853781
0.00136223423111235
0.00137884684368689
0.00139545945626144
0.00141207206883598
0.00142868468141052
0.00144529729398506
0.0014619099065596
0.00147852251913414
0.00149513513170868
0.00152005405057049
0.0015449729694323
0.00156989188829411
0.00159481080715593
0.00161972972601774
0.00164464864487955
0.00166956756374136
0.00169448648260317
0.00171940540146498
0.00174432432032679
0.00176924323918861
0.00179416215805042
0.00181908107691223
0.00184399999577404
0.00186891891463585
0.00189383783349766
0.00191875675235947
0.00194367567122129
0.0019685945900831
0.00199351350894491
0.00201843242780672
0.00204335134666853
0.00206827026553034
0.00209318918439215
0.00211810810325396
0.00214302702211578
0.00216794594097759
0.0021928648598394
0.00221778377870121
0.00224270269756302
0.00228008107585574
0.00231745945414846
0.00235483783244117
0.00239221621073389
0.00242959458902661
0.00246697296731932
0.00250435134561204
0.00254172972390476
0.00257910810219747
0.00261648648049019
0.00265386485878291
0.00269124323707563
0.00272862161536834
0.00276599999366106
0.00280337837195378
0.00284075675024649
0.00287813512853921
0.00291551350683193
0.00295289188512465
0.00299027026341736
0.00302764864171008
0.0030650270200028
0.00310240539829551
0.00313978377658823
0.00317716215488095
0.00321454053317366
0.00325191891146638
0.0032892972897591
0.00332667566805182
0.00336405404634453
0.00342012161378361
0.00347618918122268
0.00353225674866176
0.00358832431610083
0.00364439188353991
0.00370045945097899
0.00375652701841806
0.00381259458585714
0.00386866215329621
0.00392472972073529
0.00398079728817436
0.00403686485561344
0.00409293242305251
0.00414899999049159
0.00420506755793067
0.00426113512536974
0.00431720269280882
0.00437327026024789
0.00442933782768697
0.00448540539512604
0.00454147296256512
0.00459754053000419
0.00465360809744327
0.00470967566488235
0.00476574323232142
0.0048218107997605
0.00487787836719957
0.00493394593463865
0.00499001350207772
0.0050460810695168
0.00513018242067541
0.00521428377183403
0.00529838512299264
0.00538248647415125
0.00546658782530986
0.00555068917646848
0.00563479052762709
0.00571889187878571
0.00580299322994432
0.00588709458110293
0.00597119593226155
0.00605529728342016
0.00613939863457877
0.00622349998573738
0.006307601336896
0.00639170268805461
0.00647580403921322
0.00655990539037184
0.00664400674153045
0.00672810809268906
0.00681220944384768
0.00689631079500629
0.0069804121461649
0.00706451349732352
0.00714861484848213
0.00723271619964075
0.00731681755079936
0.00740091890195797
0.00748502025311658
0.0075691216042752
0.00769527363101312
0.00782142565775104
0.00794757768448896
0.00807372971122688
0.0081998817379648
0.00832603376470272
0.00845218579144064
0.00857833781817856
0.00870448984491648
0.0088306418716544
0.00895679389839232
0.00908294592513024
0.00920909795186816
0.00933524997860608
0.009461402005344
0.00958755403208192
