1e-16
1.1428168017044e-16
1.19478499607114e-16
1.2464799825704e-16
1.29959303641038e-16
1.34450813815969e-16
1.39063054081702e-16
1.44148353232432e-16
1.49854167910662e-16
1.56269481904011e-16
1.61703531277348e-16
1.67293047349103e-16
1.7344584370258e-16
1.80311850967772e-16
1.86683571503787e-16
1.92979860240238e-16
1.99454663310575e-16
2.06837533362832e-16
2.15107312601958e-16
2.22142455393349e-16
2.29360080823424e-16
2.36917824499719e-16
2.45525506636175e-16
2.5347415661602e-16
2.61402469631971e-16
2.69564849356853e-16
2.78757918282063e-16
2.87406687549586e-16
2.96007821571913e-16
3.04850405066913e-16
3.14776223514607e-16
3.26903757142813e-16
3.40737040884552e-16
3.56461917484544e-16
3.74724294097687e-16
3.90193177447787e-16
4.0588984621582e-16
4.22949379955118e-16
4.42024640293483e-16
4.58995273268071e-16
4.76279067318309e-16
4.95197090629509e-16
5.16285736393973e-16
5.35144264260623e-16
5.54340182392941e-16
5.75282611589206e-16
5.98508029289001e-16
6.20051064249642e-16
6.41528359046753e-16
6.63718009989894e-16
6.88908153310618e-16
7.1247789273771e-16
7.36103123230807e-16
7.60560883201065e-16
7.88218325248851e-16
8.1391932466198e-16
8.39761372781093e-16
8.66534267396614e-16
8.96719438443447e-16
9.24588845909511e-16
9.52716630557088e-16
9.85765367533715e-16
1.02975750347836e-15
1.08214731876471e-15
1.12914468713831e-15
1.17691872596992e-15
1.22938025306288e-15
1.28804408588715e-15
1.33972049476869e-15
1.39286321361639e-15
1.45151542215418e-15
1.51098123065284e-15
1.56664327231123e-15
1.62437521788307e-15
1.690482772281e-15
1.75365820545125e-15
1.81719706937226e-15
1.88341804228127e-15
1.95910729701192e-15
2.02929099894018e-15
2.10035629837074e-15
2.17446050859356e-15
2.24702575536721e-15
2.3204439366642e-15
2.39729620611581e-15
2.48510676725768e-15
2.56702837875796e-15
2.64998682790903e-15
2.73629043220573e-15
2.82436229663614e-15
2.91115058141775e-15
3.03167233085768e-15
3.18364273942808e-15
3.32582917480177e-15
3.47024420725221e-15
3.63071751287279e-15
3.7849588863868e-15
3.94011110682872e-15
4.11034279548512e-15
4.29903356637065e-15
4.46826144702129e-15
4.64456076080741e-15
4.8417361237366e-15
5.02640237679387e-15
5.21396561789135e-15
5.42018083334593e-15
5.61713738985676e-15
5.81662930789319e-15
6.03615185995365e-15
6.24942096122843e-15
6.46442411500665e-15
6.69888883614991e-15
6.92890395016759e-15
7.15983502723683e-15
7.40049273441059e-15
7.67361511281236e-15
7.93021744371656e-15
8.19084930345338e-15
8.46276056253183e-15
8.72618042037126e-15
8.99605664447927e-15
9.36125623326399e-15
9.76974907038404e-15
1.02508318371937e-14
1.0713383682996e-14
1.11773186051492e-14
1.16851916489868e-14
1.21836859492932e-14
1.26857931276557e-14
1.32367216313408e-14
1.37775975342977e-14
1.43226893884553e-14
1.49190625554574e-14
1.55028133220708e-14
1.60918439016363e-14
1.67358207765917e-14
1.73636448266759e-14
1.79983591198993e-14
1.86923906009426e-14
1.93654496207772e-14
2.00475529787463e-14
2.07940504033231e-14
2.15134659288051e-14
2.22446922685025e-14
2.30461159375236e-14
2.3813033819093e-14
2.45951966275483e-14
2.54294571087469e-14
2.62599420160485e-14
2.71019399105713e-14
2.7964869545339e-14
2.91770368527191e-14
3.04563993851727e-14
3.18389310352978e-14
3.33849726115192e-14
3.48771298110125e-14
3.63979199430704e-14
3.80849449828293e-14
3.9685074044295e-14
4.13308534276623e-14
4.30266502780819e-14
4.47077834384556e-14
4.65573416743294e-14
4.83720085396696e-14
5.02283849477551e-14
5.2295065829108e-14
5.42673022171807e-14
5.62935832664048e-14
5.83692100837578e-14
6.04333293499463e-14
6.26915122427323e-14
6.49730951588365e-14
6.72548514779202e-14
6.95739765622929e-14
7.18710445816913e-14
7.43839243490681e-14
7.69340796017291e-14
7.94833940545333e-14
8.20778294031817e-14
8.4647267143711e-14
8.73279879684297e-14
9.13881654892988e-14
9.55346397166238e-14
9.9757470490872e-14
1.04510923595478e-13
1.09156659476654e-13
1.13940057378885e-13
1.18891603661847e-13
1.23842368524771e-13
1.29324714584368e-13
1.34642632950045e-13
1.40135056873948e-13
1.45787569443437e-13
1.51473734631447e-13
1.5761402000446e-13
1.63750384722968e-13
1.70061761762473e-13
1.76508640145502e-13
1.83042899272505e-13
1.89714512270853e-13
1.96416926776794e-13
2.03333763832592e-13
2.10327871238399e-13
2.18036182353124e-13
2.25836503526647e-13
2.336376709483e-13
2.41486852498521e-13
2.49321715350625e-13
2.57341121334015e-13
2.65480010378152e-13
2.74343648584685e-13
2.86680356253615e-13
2.99470302899608e-13
3.13495301418432e-13
3.28014488515531e-13
3.42650908008601e-13
3.57805692633673e-13
3.73076011955966e-13
3.90119220750383e-13
4.06641020298949e-13
4.23809185306055e-13
4.41327530574987e-13
4.59169089305262e-13
4.77309039668231e-13
4.95777600809538e-13
5.1471518034745e-13
5.34095722272422e-13
5.54092863031243e-13
5.74528848078768e-13
5.95613508620219e-13
6.17050342963411e-13
6.39144648266395e-13
6.61555142422896e-13
6.84671834651736e-13
7.08114200235157e-13
7.32311483799635e-13
7.56824776815676e-13
7.82115531279249e-13
8.07704324457629e-13
8.34089069262518e-13
8.60773424119055e-13
8.98055059049821e-13
9.40399059394493e-13
9.8445549489216e-13
1.02969988464324e-12
1.07650699205686e-12
1.12431755963825e-12
1.17357159112973e-12
1.2239744056513e-12
1.27588864023259e-12
1.32918604273922e-12
1.3839989129003e-12
1.44033237993031e-12
1.4980817705745e-12
1.55748372023844e-12
1.61818538470579e-12
1.68073635282844e-12
1.7444707327987e-12
1.80903181575176e-12
1.87281792024146e-12
1.93891601689504e-12
2.00797262763476e-12
2.08022067473234e-12
2.15407365617419e-12
2.22957529182574e-12
2.30609976326534e-12
2.38407609647803e-12
2.46396525263583e-12
2.54551942468819e-12
2.62821889294284e-12
2.71026833331052e-12
2.83558634295038e-12
2.96747236301125e-12
3.10449622785387e-12
3.24252284467596e-12
3.38625576200772e-12
3.54075046607627e-12
3.69868971423421e-12
3.85986538994819e-12
4.02424395832439e-12
4.19109283741187e-12
4.35738122276292e-12
4.53003951838156e-12
4.7172781135846e-12
4.9080682053679e-12
5.10241109333829e-12
5.29938896124922e-12
5.49805402792328e-12
5.69705066251277e-12
5.90218295062176e-12
6.11742095652226e-12
6.34014098346891e-12
6.56671916825313e-12
6.79285768107948e-12
7.02407139601793e-12
7.26455910789907e-12
7.51224602721716e-12
7.7639479974018e-12
8.01644490050757e-12
8.27436489272386e-12
8.5383942016278e-12
8.92567027845906e-12
9.33103500905957e-12
9.75744037266657e-12
1.02170842945262e-11
1.06852186139758e-11
1.11422714326671e-11
1.16291218341182e-11
1.21280686717897e-11
1.26382065845217e-11
1.31534361061087e-11
1.3689053603259e-11
1.4269005479992e-11
1.48554406652451e-11
1.54189839739221e-11
1.60024948947635e-11
1.66089779876038e-11
1.72342821856662e-11
1.78739795556186e-11
1.85309264368373e-11
1.92007354875628e-11
1.98812855862912e-11
2.05805740231662e-11
2.12962073773034e-11
2.20262506406543e-11
2.2776101901464e-11
2.35410930054455e-11
2.43194765947425e-11
2.51172236980429e-11
2.59303891198126e-11
2.67596645792462e-11
2.79102249826337e-11
2.92491832978735e-11
3.06222076995331e-11
3.20190054675818e-11
3.34258282668282e-11
3.48508565271394e-11
3.63420251009757e-11
3.78986036051088e-11
3.95072431261441e-11
4.11648048790748e-11
4.2849923113341e-11
4.45437748547381e-11
4.62575221372228e-11
4.80467384276794e-11
4.99074622905431e-11
5.18219394176298e-11
5.3787685516166e-11
5.57813523916829e-11
5.77832362904948e-11
5.98127414076574e-11
6.19222600403115e-11
6.41036521882059e-11
6.63227920848622e-11
6.85606759854912e-11
7.0869561132062e-11
7.32405524159319e-11
7.5672068635745e-11
7.81617071988086e-11
8.06849705848656e-11
8.32176134641159e-11
8.68391850545917e-11
9.08022227748027e-11
9.49176901504551e-11
9.91786613796996e-11
1.03722205770213e-10
1.08336060318319e-10
1.12989864583046e-10
1.17666568463489e-10
1.22663383437623e-10
1.27728441770095e-10
1.32867016273969e-10
1.38061642650625e-10
1.43332152737592e-10
1.48985172848555e-10
1.54730528894268e-10
1.60536927393681e-10
1.66379464288438e-10
1.72299717112521e-10
1.78447845411925e-10
1.84849529196256e-10
1.91396907450095e-10
1.97980745499524e-10
2.0459446458724e-10
2.11406105738431e-10
2.1848881394353e-10
2.25747863991587e-10
2.33062729939401e-10
2.4040654378708e-10
2.47951232707995e-10
2.55770051624803e-10
2.66694475651712e-10
2.78722899982082e-10
2.91152612689234e-10
3.03992339264011e-10
3.17757715579519e-10
3.31733631220563e-10
3.45813265647826e-10
3.5995583786743e-10
3.74279112050493e-10
3.89023397561022e-10
4.05114008042074e-10
4.21418424280094e-10
4.37751797341431e-10
4.5407624088505e-10
4.70558203981517e-10
4.87483702592549e-10
5.05071552036853e-10
5.23417806262603e-10
5.42335995229381e-10
5.61471731394156e-10
5.80627984691458e-10
5.99892851507347e-10
6.19554640948509e-10
6.39882016128144e-10
6.61098369162194e-10
6.82943563703689e-10
7.05008205474631e-10
7.27064492592313e-10
7.49198001645144e-10
7.71702761750002e-10
8.04034618877791e-10
8.40082321394221e-10
8.76997800329898e-10
9.16385043021637e-10
9.5660853497975e-10
9.97644386077824e-10
1.03917645949801e-09
1.08105450665684e-09
1.12347454349112e-09
1.16684489154648e-09
1.2115270751634e-09
1.257609822355e-09
1.30490841288634e-09
1.35421544273315e-09
1.40457667909433e-09
1.45621969974143e-09
1.5082774227205e-09
1.56054404493636e-09
1.6133784779702e-09
1.66734127685911e-09
1.72281445343217e-09
1.77979819015315e-09
1.83803281241933e-09
1.89732104745248e-09
1.95771856420132e-09
2.02050567700328e-09
2.08460699156309e-09
2.15011491342841e-09
2.21596042446743e-09
2.28194668350268e-09
2.37289589075132e-09
2.47751045633505e-09
2.58569877000718e-09
2.69746606828587e-09
2.81145462258768e-09
2.92681750155739e-09
3.04369996113048e-09
3.16285687002576e-09
3.28504942925917e-09
3.4106211386992e-09
3.53945515582021e-09
3.67125783274005e-09
3.80587345036697e-09
3.94337173837528e-09
4.08392428892932e-09
4.22761159156654e-09
4.37438621389956e-09
4.52418250921981e-09
4.67702119068859e-09
4.83296800450163e-09
4.99557470221527e-09
5.15510970637629e-09
5.31981332292319e-09
5.49026368654765e-09
5.66430809006571e-09
5.84010614559163e-09
6.01728204200735e-09
6.19656101250382e-09
6.37891525779668e-09
6.56492380832855e-09
6.82221473095992e-09
7.11465922706311e-09
7.41279254389412e-09
7.71998726761489e-09
8.03574246877204e-09
8.35836629061194e-09
8.68746511811244e-09
9.02389922998381e-09
9.36838425590446e-09
9.72080565725291e-09
1.00807721153065e-08
1.04482584763022e-08
1.08235247523736e-08
1.12067087452625e-08
1.15977469703878e-08
1.19965968972087e-08
1.24033358001781e-08
1.28180598876098e-08
1.32407772498736e-08
1.36714930774717e-08
1.41102499109122e-08
1.45570978897795e-08
1.50120664432794e-08
1.5475180734816e-08
1.59616171462083e-08
1.64451875512309e-08
1.69398091020774e-08
1.74485599031259e-08
1.79448512118149e-08
1.84590656749978e-08
1.91432879344494e-08
1.99532066639499e-08
2.07646204550451e-08
2.16025787873894e-08
2.24668880079763e-08
2.3348127569589e-08
2.42439259547781e-08
2.51582444092399e-08
2.60942334413199e-08
2.70514630393728e-08
2.80283753573164e-08
2.90246231516265e-08
3.00408941516866e-08
3.10777484692905e-08
3.21352005680015e-08
3.32130810768411e-08
3.43113945362003e-08
3.54303102153389e-08
3.65699924666624e-08
3.77305267850677e-08
3.89119633526646e-08
4.01144055275006e-08
4.13379360522566e-08
4.25826327353049e-08
4.38485762218786e-08
4.51358505973014e-08
4.64445416065482e-08
4.77747343954139e-08
4.9126512765924e-08
5.04999596561013e-08
5.25071821771001e-08
5.46572017245492e-08
5.68602416956685e-08
5.91174887185673e-08
6.14226142777024e-08
6.37731336307605e-08
6.61709630883341e-08
6.8619139567515e-08
7.11195522259965e-08
7.3672673109095e-08
7.62782995079732e-08
7.89362443951852e-08
8.16465844163539e-08
8.44095900477384e-08
8.72069137207011e-08
8.98752180080214e-08
9.28393749869943e-08
9.56458150326839e-08
9.87562014080717e-08
1.0167713622446e-07
1.04716165037775e-07
1.07929958868857e-07
1.11213189004213e-07
1.14548232146864e-07
1.17932805421222e-07
1.21375062061592e-07
1.24739428520233e-07
1.28161104872091e-07
1.31587308973863e-07
1.3533050665956e-07
1.4025521080577e-07
1.45851249193009e-07
1.51513997972773e-07
1.57353664419127e-07
1.63343213821747e-07
1.69448702067095e-07
1.75670717909584e-07
1.82023386171221e-07
1.88514290441661e-07
1.95142774453315e-07
2.01906136312912e-07
2.0880335815931e-07
2.15835010484641e-07
2.23002002323258e-07
2.30304936580885e-07
2.3774415310558e-07
2.45319959047066e-07
2.53032747026762e-07
2.60882988922668e-07
2.68871191361305e-07
2.76997852127966e-07
2.85263490943441e-07
2.93668635157585e-07
3.01483251612716e-07
3.10362437869945e-07
3.19290823981398e-07
3.2758274419387e-07
3.36981816979017e-07
3.45580644436739e-07
3.54456385532456e-07
3.6813428457986e-07
3.82739856693611e-07
3.97635709566014e-07
4.12903310345348e-07
4.28474399944985e-07
4.44328798843286e-07
4.60488984532916e-07
4.7544667826794e-07
4.92742551424341e-07
5.10114174334847e-07
5.26170904787417e-07
5.44725995033255e-07
5.61472525200396e-07
5.78379907464384e-07
5.9695719713925e-07
6.16048592560654e-07
6.35420340971267e-07
6.55039858878186e-07
6.74914315719187e-07
6.97190141985064e-07
7.17614223450206e-07
7.36540855938618e-07
7.57485762445609e-07
7.81777043606245e-07
8.03965173823167e-07
8.26173422715539e-07
8.48643937675591e-07
8.71477203780946e-07
8.9471911535677e-07
9.18385225442224e-07
9.46392152726555e-07
9.81016246085362e-07
1.0172489231413e-06
1.054780645382e-06
1.09328688133043e-06
1.13260019913843e-06
1.17278511983548e-06
1.21389373179085e-06
1.25592378464722e-06
1.29886050235867e-06
1.34269388302299e-06
1.38741835359676e-06
1.43303014936769e-06
1.47952644273298e-06
1.52690532115574e-06
1.57516578558106e-06
1.62430763834767e-06
1.67433133955441e-06
1.72523788175747e-06
1.77702870266819e-06
1.82970776327855e-06
1.87857624084907e-06
1.9365042995615e-06
1.98904674650642e-06
2.04960225994181e-06
2.10292190196351e-06
2.16484985705847e-06
2.21978144532293e-06
2.28364832973422e-06
2.34031169004139e-06
2.45115540127659e-06
2.55388938936316e-06
2.65678088109966e-06
2.75776278849148e-06
2.87102381560759e-06
2.97946082228835e-06
3.08913899950155e-06
3.2016566512786e-06
3.31559692693392e-06
3.431507993687e-06
3.54966546494137e-06
3.66976225779859e-06
3.79218481624318e-06
3.91676243620329e-06
4.04358966724338e-06
4.17271414624894e-06
4.3041049035091e-06
4.4378278725151e-06
4.573884444433e-06
4.71227412260459e-06
4.85302705986954e-06
4.99615132428748e-06
5.14165759942497e-06
5.28956268272342e-06
5.43987695333934e-06
5.59261164211789e-06
5.74777938134983e-06
5.89528142279398e-06
6.06537507824535e-06
6.23158544684561e-06
6.65277732841042e-06
6.95540415792122e-06
7.27859404744905e-06
7.59876318879856e-06
7.90728844668196e-06
8.19936872844728e-06
8.50926715796012e-06
8.82908774521022e-06
9.1332984297547e-06
9.45514778659273e-06
9.80055469286611e-06
1.01239166276812e-05
1.04718532290454e-05
1.08390518592724e-05
1.12013310544898e-05
1.15691836530482e-05
1.19155473543812e-05
1.23022118749308e-05
1.26866105236563e-05
1.30628183539732e-05
1.34287431575752e-05
1.38129074656052e-05
1.42154463769362e-05
1.46253865992677e-05
1.50469864022681e-05
1.54807890486496e-05
1.59053359315204e-05
1.63675259069366e-05
1.67960964967125e-05
1.72198437459776e-05
1.90941518049056e-05
2.00966612029636e-05
2.10114405076669e-05
2.19136150034212e-05
2.27861046460292e-05
2.36597804393995e-05
2.45530447068394e-05
2.54822410980604e-05
2.63826070204851e-05
2.73142278625521e-05
2.82702059352101e-05
2.92501091932707e-05
3.02415661557489e-05
3.12439035098386e-05
3.22665269291216e-05
3.32693650488424e-05
3.4286925886818e-05
3.53853610982331e-05
3.65057933753791e-05
3.76853301116182e-05
3.88535625244094e-05
4.00148698340855e-05
4.11712423895275e-05
4.24267004494406e-05
4.36713497863219e-05
4.48363960235955e-05
4.60461026117815e-05
4.74001423522056e-05
4.87349747386242e-05
5.00178110277312e-05
5.81501580752259e-05
6.11235871291008e-05
6.37688332290334e-05
6.63508662142757e-05
6.8952306560378e-05
7.14524110070372e-05
7.41484726350288e-05
7.68931832503381e-05
7.97191319588356e-05
8.24766082409636e-05
8.52728391898628e-05
8.82086682200426e-05
9.11081467418947e-05
9.4233319467004e-05
9.74386455781227e-05
0.000100592747877449
