0.178743796118402
0.185849498893667
0.186278859945059
0.186673502420651
0.187222519434518
0.186851960367355
0.18653254724797
0.186569769788286
0.18706537083648
0.188051492691197
0.18809931690437
0.188189279362429
0.188613001484457
0.189452648302727
0.189663051617728
0.189811192319156
0.190115326290145
0.190879371156263
0.192060914539262
0.192350522340837
0.192659481357636
0.193138672375115
0.194052527588205
0.194378612199451
0.194658922273642
0.195069557945879
0.195867816624363
0.196186749861005
0.196466239394781
0.196870593717254
0.197634848217694
0.197664024419919
0.198147165658841
0.199167113864211
0.20085407950053
0.201275591637102
0.201670547325456
0.202409623704984
0.203640351692145
0.203979573711717
0.204334686284609
0.205045817819167
0.206210611492388
0.206563676485233
0.206934701763862
0.207634928251635
0.208747951763126
0.209186457638576
0.209573624539435
0.210126389988855
0.211160136449063
0.211604394357417
0.212017983011508
0.212591941369802
0.213614220457022
0.214055161725196
0.214476175910749
0.215051607288155
0.216050673352246
0.216480335171245
0.216902892762031
0.21630629365507
0.216984981045327
0.218597401266299
0.219215925876792
0.219846257523142
0.220902220532219
0.222495243113149
0.223028041706265
0.223605244194922
0.224609270128563
0.225493252273222
0.225848720812216
0.226382429111734
0.227499612000632
0.228035653718216
0.228558384038416
0.229295802660062
0.230598447931328
0.231196914815854
0.231787760871809
0.232576252887179
0.232984171097921
0.233425093709371
0.234085610411968
0.23526632226573
0.235841565283533
0.236416099292448
0.237166036964865
0.237665787109207
0.238109356262003
0.238382941542216
0.239925068391562
0.24061956635105
0.24135280551611
0.242641118171294
0.243249243393788
0.243858733591891
0.244943254723717
0.246446986097958
0.247115941822589
0.247901298898555
0.249209748182038
0.249782556089455
0.25039059505894
0.251448966085926
0.251950653027933
0.252502914291608
0.253495372431952
0.254038634160124
0.254612797727849
0.255572220879932
0.256147455863651
0.256734969803498
0.257543884865133
0.258889622262822
0.259610054126026
0.26034317713211
0.261278005756109
0.261812805005495
0.262425475774881
0.262500620998924
0.263197775035267
0.264823443695534
0.265692706425339
0.266542466454736
0.267911386870007
0.268717275999735
0.269536750449262
0.270864847488152
0.271665053341797
0.272481203426425
0.273773800449442
0.274555271908069
0.275361559016015
0.276626382548691
0.277388652006607
0.278186750053017
0.279431434611186
0.28017353573169
0.280963736210178
0.282193287391102
0.282914624372389
0.283697337026263
0.284915800239169
0.285616534635702
0.286392550254861
0.287212372792054
0.287940254946073
0.28876746168712
0.289414116158431
0.290079407917249
0.290811561618492
0.291993091938593
0.293880336469823
0.294975273122766
0.296125245002996
0.297919015814562
0.298886440857789
0.299978627771484
0.300745667811529
0.301512464576798
0.302879830464635
0.303771041006588
0.304780777803707
0.306399060013924
0.307339299058794
0.308393561058556
0.309157754221126
0.309933387127329
0.311231298219
0.312189957217103
0.313150724340981
0.313856796298072
0.314588008057387
0.315817745724965
0.316767861534336
0.317716833665598
0.318445988580755
0.319193225354725
0.320235134026891
0.321693524754518
0.322646642196674
0.323711231767546
0.32560888883577
0.326817952513511
0.328184794949484
0.329237626946353
0.330318125515838
0.332112484728366
0.333259786417641
0.334590769055228
0.335621479699936
0.336710323374487
0.337968888166978
0.339130370108401
0.340513692388211
0.341608380860363
0.342786550316865
0.343712414834867
0.344715037847761
0.345633123899261
0.346651249567523
0.348226573462373
0.349427432571007
0.3506113238064
0.3514852113013
0.352417499610059
0.353263607944811
0.354241522091017
0.355252435863378
0.356330147184062
0.357442915377133
0.359246956498057
0.360724902514816
0.362259594443894
0.363569943329443
0.364967467550096
0.367196970368374
0.368675640839451
0.370390501437683
0.371711795336001
0.373165624606719
0.374298836589342
0.375607938368349
0.376724033433581
0.378040982461375
0.379209389200299
0.380542834791145
0.38172005249082
0.383022515194443
0.384180761092921
0.385451025062174
0.386603908829484
0.38786131723615
0.389013782843788
0.390257460259061
0.391400230451931
0.392624335553816
0.393754560256996
0.39496204063342
0.395823819669549
0.397758414761916
0.399478472262543
0.401408974806187
0.403048162968533
0.404867587476624
0.40641384164102
0.408172290497629
0.409688836160193
0.411437403454057
0.41293932323392
0.414674542119189
0.416148557734295
0.417861324079073
0.419305112105521
0.421000293599758
0.422420129278715
0.42341657716089
0.424517074334398
0.425803998933228
0.427396292100012
0.428896597325616
0.430498978882921
0.431851431500422
0.433324539313893
0.434612623037244
0.436106581779709
0.437426434214648
0.43844165847553
0.439550395765608
0.44152983229055
0.443418084677192
0.444916699454024
0.44660420308229
0.448334812336343
0.450644294774242
0.452526580096124
0.454619104034647
0.456386536586385
0.457684690754806
0.459160820616509
0.460779127641553
0.462999708977773
0.464809447791416
0.466792314917218
0.468454922651751
0.469680935707197
0.471105897654285
0.472589263393325
0.474504044240497
0.476270355405192
0.477613340449451
0.47905912890437
0.480472844557274
0.482250038723646
0.48389774742467
0.485194140403811
0.486619996325335
0.488001332036002
0.489277097299479
0.491041313126608
0.493005575496487
0.494961610131587
0.497598826140198
0.499764647564293
0.501266223996017
0.503413779641437
0.50536092924479
0.507007191250545
0.508900678557809
0.510860147662595
0.513481188546557
0.515595207953564
0.516953076597826
0.518789597766662
0.520658217836955
0.522306646050582
0.52422779616954
0.526030996335206
0.52754755833311
0.529324147332181
0.531055993101454
0.532584396716104
0.534372470481555
0.53609212132098
0.537577068753425
0.539303662920491
0.540966807290083
0.542418419572974
0.544122075806959
0.545251613615631
0.54816616860684
0.550772182629941
0.552817574213831
0.554418692545409
0.556493181387173
0.558796203400824
0.560980481052997
0.563522577953516
0.565842954875603
0.567693391695203
0.569223552431253
0.571153829580396
0.573293652338218
0.57531416354336
0.577626653906693
0.579749003963023
0.581477022227859
0.582930059596769
0.584762991831192
0.586751176094675
0.588610484792887
0.590208869687293
0.592031905764229
0.593911509043148
0.595639195875423
0.597657737642712
0.599559116700021
0.601166545883502
0.602518432770104
0.603954901751928
0.606365625983884
0.608821739938259
0.611144670626221
0.614204568891576
0.616832328929845
0.618904362991327
0.620627751044875
0.623282509502557
0.625699622478347
0.62776096790449
0.629528636619349
0.631296834100479
0.633854249760142
0.636147285795814
0.638054300870319
0.639696928505903
0.641440162570138
0.64369809046185
0.645977809858142
0.647931549735187
0.649520837459658
0.651083749468516
0.653124226500657
0.655249508266574
0.6571345233588
0.658695787050211
0.660172873732946
0.662102714671647
0.664111877559096
0.665530592255914
0.66790504171973
0.670316181279486
0.672711674647594
0.675949930575402
0.678737222631312
0.680951752987024
0.68277788727201
0.684598526065559
0.686735197329593
0.689805430368322
0.692395333328568
0.694400709589319
0.696033511642261
0.697664606099088
0.699570930841093
0.701672989114177
0.704212019044445
0.706577179400381
0.708505240276393
0.710070297108448
0.711565795296909
0.713263595004242
0.715152139529908
0.717485850902971
0.719674829160837
0.721472407632091
0.722932464744048
0.724297625608037
0.72580011253878
0.727116220404795
0.729547531051634
0.731966146083434
0.734764505836855
0.737880192552058
0.740663923272807
0.742966178525959
0.744895787288094
0.746700685311343
0.74859700628639
0.750638826274279
0.752725496952388
0.754749317421414
0.757474386071598
0.760049370657316
0.762318543637958
0.764150315540511
0.765692717229521
0.767189654152547
0.768807612812985
0.7705523312416
0.772321475037835
0.774033060836934
0.775699769770334
0.777384615142528
0.779643549910511
0.78180298862414
0.783716052575712
0.785276731727328
0.786613616494847
0.786885657830249
0.789616050914867
0.792614220351455
0.795457252500475
0.797882431962475
0.799910848961226
0.801732773807726
0.803540830705817
0.805423214806795
0.807356668539701
0.809274432463687
0.811137772338942
0.812956344341103
0.814758323321795
0.816559135634262
0.818347854915221
0.820110060835079
0.821846189749303
0.823564540459957
0.825266367346421
0.827674194396694
0.829215625609432
0.831053832915078
0.832995512939792
0.834758433474696
0.83626630540355
0.83760374089637
0.83889640935718
0.840222187149421
0.841588883924469
0.841860973531713
0.843852114428801
0.845963003391701
0.848150770940139
0.850232658346966
0.852157872302595
0.854007453365963
0.855852765626874
0.857686201059117
0.859471427262092
0.861202586364557
0.862898993285439
0.864570955875221
0.86621241949406
0.867818118827064
0.86939159694952
0.870937366568665
0.87245493046333
0.873943398406091
0.875403891689507
0.876838086467651
0.878246409434344
0.87962897010457
0.880986529936264
0.882605360172214
0.883480168236269
0.884750853079087
0.886728512269384
0.887861425688525
0.889454742589688
0.888763840185632
0.890379761949499
0.892204691633682
0.894283464640495
0.896210745494256
0.897864044017442
0.899396790606639
0.900942858165737
0.90249629082214
0.904000735864023
0.905439743257956
0.906834530799884
0.908203962033673
0.909548764724327
0.910862591780124
0.912143774264712
0.913395640910048
0.914621601188292
0.915822816551987
0.91699928722308
0.918151373733151
0.919280047787342
0.92038643523976
0.921471179932357
0.922534941632545
0.923578390583761
0.924602165104453
0.925606856988083
0.92659302340416
0.927561200874344
0.928365198532525
0.930109922952962
0.931864860302977
0.933513372643948
0.93500244811273
0.936362653779341
0.937649147292937
0.938898611933329
0.94012236726944
0.941318297347212
0.94248273074026
0.943615210296724
0.944717941054204
0.945793776719543
0.946814432856659
0.946355891626009
0.947582546622025
0.947508997263114
0.949088434459991
0.949185524304148
0.949436028893241
0.950261548773474
0.951157646520333
0.952027917373207
0.952861822518396
0.953668442235022
0.954083338002038
0.954605093085215
0.954704007746259
0.955984447345332
0.955233648089228
0.956439915368881
0.957883560918475
0.959404430621032
0.960719029007274
0.961818860267082
0.962821019308064
0.963800164490173
0.964764571936448
0.965700201690901
0.966600846671349
0.967470289993742
0.96831457619649
0.969137470370092
0.969940462571317
0.970724231637825
0.971489535930134
0.972237326590841
0.972968568876442
0.973684114247215
0.974384676665394
0.975070895926621
0.975743358351145
0.974577473683278
0.975466096774118
0.976568751065687
0.975815098306255
0.977025372134388
0.976426496865118
0.976056348337643
0.976471131193228
0.978265084380818
0.980096074253258
0.981693866220426
0.982960714134146
0.983982895818506
0.984874761951305
0.982933785166813
0.984035578260441
0.985489429778804
0.984132452047417
0.985736943990061
0.984585899891343
0.983820638507509
0.984434906209314
0.985315894023902
0.986156115389689
0.986902756652017
0.98757485578795
0.98823171130537
0.987767451750644
0.98748566755908
0.988542359029568
0.989737741751565
0.989577674195768
0.989409624670544
0.989412716708265
0.98959687940359
0.989910016718227
0.990291331039118
0.985902243881056
0.986330917124456
0.988301827870285
0.990089938615066
0.991293754067294
0.992141341259609
0.992852958624611
0.993507437710465
0.994118140767026
0.994691878298251
0.995236538222521
0.995758369632345
0.996261345653652
0.99674798996979
0.997220104188011
0.997679104483197
0.998126149863152
0.998562204049556
0.998988078410163
0.999404469522538
0.999812967110286
0.99069509512602
0.99597238679319
0.990809140806155
0.997437549870529
0.991757027378554
0.998040522877933
0.992470676042099
0.998645378122249
0.993048372257798
0.999743549038717
0.996755645331174
0.992950433069427
0.986873053542245
0.993800805151374
0.993841463666993
0.9932775897684
0.993565249418107
0.993968464910372
0.994504259875159
0.994807890412854
0.995227739207279
0.995581281719172
0.995924649412648
0.996285674397944
0.99661824719129
0.99695353039896
0.997286197851535
0.997604750843571
0.997921410855884
0.998232563203024
0.998536099459792
0.998835144729422
0.999128712865592
0.999416423396895
0.999699159115928
0.999976828521288
0.989350709760323
0.99570218639324
0.996835177178217
0.997879867683799
0.986852259429861
0.986690086975336
0.991268194710779
0.996962274229597
0.995480603535585
0.992351026684463
0.997756757016818
0.993386826465504
0.988763695506215
0.999385947227045
0.995354560727142
0.986435062372329
0.987062114145583
0.987675583774026
0.994694562426137
0.991644487793078
0.987357796916999
0.993175288162594
0.997960245632557
0.997027827971941
0.995597190559856
0.992986136445469
0.991565639757885
0.991919684789284
0.994272315917618
0.992618113731668
0.998721493240927
0.999582702322549
0.993000855860161
0.997383356165304
0.987285572378692
0.992206580702054
0.99872605395118
0.989978882780915
0.985570701762729
0.989407691310784
0.994780262142396
0.991176180867064
0.994419885506354
0.989323113714077
0.994262767218316
0.991921464333605
0.995740108077265
0.994073108074534
0.998208702601759
0.994235457778002
0.99677973550845
0.987395082134724
0.993456049630246
0.988914047912416
0.995923332088996
0.990094838221663
0.992161047675783
0.998552099994587
0.999626373844925
0.991918152849807
0.992103041403357
0.997008522510767
0.990601852568234
0.988397911225549
0.986684516085768
0.988701060661265
0.992464693528141
0.997191731929092
0.994623112524795
0.986115895346771
0.988388234658487
0.994059267574022
0.995433779049811
0.987770244624118
0.996828934402626
0.988552401343988
0.986931599289868
0.999101087463791
0.998690791546494
