5.3579046841534e-08
5.41664104559261e-08
5.52662077033612e-08
5.59634212877558e-08
5.66089552561312e-08
5.726954004826e-08
5.80370835556443e-08
5.89406105215922e-08
5.99946334538154e-08
6.12063670913865e-08
6.20475906565442e-08
6.28532495581498e-08
6.36940805262678e-08
6.46741581349584e-08
6.58058795507543e-08
6.70903526967541e-08
6.82242726217316e-08
6.90662387812644e-08
6.9939741599712e-08
7.09465615608378e-08
7.21022410928399e-08
7.34079071782004e-08
7.45649744301836e-08
7.55455538659176e-08
7.65151898264564e-08
7.75351754114038e-08
7.87040833599051e-08
8.00193465524111e-08
8.09751219529951e-08
8.19084293968916e-08
8.28826034741219e-08
8.42463510556222e-08
8.57971830457288e-08
8.75539028066189e-08
8.95380646384708e-08
9.17645533040211e-08
9.32277647664673e-08
9.46503538351354e-08
9.61415262502385e-08
9.78763945691572e-08
9.9870741476644e-08
1.02125212586115e-07
1.03594874381396e-07
1.05061842053065e-07
1.06617528344353e-07
1.08429049455188e-07
1.10496468408791e-07
1.12002677343081e-07
1.13472065069112e-07
1.15013165792664e-07
1.16792042068778e-07
1.18810823584157e-07
1.21060210923454e-07
1.22629745621491e-07
1.24179675435409e-07
1.25805774835197e-07
1.27668021936516e-07
1.29767841209642e-07
1.31319549030498e-07
1.32859112774554e-07
1.34481205703064e-07
1.3746790950442e-07
1.3983997970657e-07
1.42191040969719e-07
1.44781503865271e-07
1.4774367275382e-07
1.51214853503793e-07
1.53653940958397e-07
1.56009012497871e-07
1.5847735916256e-07
1.61350878451691e-07
1.64645791074654e-07
1.67654276009814e-07
1.69970494291608e-07
1.72398076456778e-07
1.7521892679944e-07
1.78449737873715e-07
1.81442113740748e-07
1.83879535426135e-07
1.8637590191566e-07
1.89211252848539e-07
1.92433623489103e-07
1.95437489651539e-07
1.97920279679377e-07
2.00469535152002e-07
2.03358160159989e-07
2.0662100830365e-07
2.0929692017596e-07
2.11875548580617e-07
2.14546761010681e-07
2.17572315050112e-07
2.2184616064034e-07
2.27311445028648e-07
2.31261490699559e-07
2.35132701824482e-07
2.392343200933e-07
2.44196534640132e-07
2.49749508113659e-07
2.53737982023927e-07
2.57686044505197e-07
2.61874782394921e-07
2.667708034363e-07
2.7236374672309e-07
2.76407984093199e-07
2.80459460605532e-07
2.84769687648019e-07
2.89785518032826e-07
2.9388949985562e-07
2.97876093956989e-07
3.02061340697739e-07
3.0689315129439e-07
3.12354887414683e-07
3.16547567324945e-07
3.20736014360573e-07
3.251640806913e-07
3.30241195548816e-07
3.35084172315566e-07
3.39201069489533e-07
3.43453433309007e-07
3.48267169590741e-07
3.53660875937311e-07
3.59280406258836e-07
3.66940819659487e-07
3.76099805030404e-07
3.82573498347266e-07
3.89052707005577e-07
3.96234021435916e-07
4.04431572921155e-07
4.10742273910499e-07
4.17067917107202e-07
4.24091278120278e-07
4.32078907700776e-07
4.3968321930036e-07
4.46070496000003e-07
4.52702916413802e-07
4.60337590840119e-07
4.69027594887082e-07
4.75765907150713e-07
4.82549889448785e-07
4.89773404439765e-07
4.98125097753206e-07
5.05092484149256e-07
5.11925083565176e-07
5.19092605147101e-07
5.27284289391725e-07
5.34307993107331e-07
5.41207823164222e-07
5.4844128819983e-07
5.56662104385308e-07
5.65789122520082e-07
5.7315882367938e-07
5.80236891021618e-07
5.91096374010985e-07
6.04989997455072e-07
6.15910336394448e-07
6.26916562508642e-07
6.39141138029259e-07
6.52955979986667e-07
6.63747069561216e-07
6.74559144859284e-07
6.8647960579945e-07
6.99931161368086e-07
7.1068403928823e-07
7.21515104720349e-07
7.33487777963813e-07
7.46946191871465e-07
7.5813777195847e-07
7.69154858372151e-07
7.80775678161098e-07
7.94159889142965e-07
8.05531489787978e-07
8.16781226214166e-07
8.28634245861941e-07
8.42191568379242e-07
8.53727093106131e-07
8.65155321633143e-07
8.77176301790038e-07
8.90858392956317e-07
9.02512378197982e-07
9.14093830162868e-07
9.26274275737769e-07
9.41563848170083e-07
9.6108905452424e-07
9.8392282320973e-07
1.00118097921233e-06
1.01864711437797e-06
1.03818803046928e-06
1.06041254577922e-06
1.0776518139526e-06
1.0953084173382e-06
1.11518355820912e-06
1.13227989945161e-06
1.14931590341562e-06
1.16816927698943e-06
1.18947928526683e-06
1.20765737335207e-06
1.22570398955071e-06
1.24481524844798e-06
1.2668268669917e-06
1.28548413379898e-06
1.30407458865928e-06
1.32371763989517e-06
1.34215948003484e-06
1.36019363796376e-06
1.37914711231099e-06
1.40083034979204e-06
1.4198935276978e-06
1.43887308192007e-06
1.4588196126987e-06
1.48135357409547e-06
1.50064825708327e-06
1.52119966724099e-06
1.55118978457484e-06
1.58851186751462e-06
1.61768709489874e-06
1.647701405702e-06
1.68159901869731e-06
1.71019450355116e-06
1.73875299556747e-06
1.77037909093145e-06
1.80174823942819e-06
1.83092956577667e-06
1.86110602422262e-06
1.89523430944262e-06
1.92454768156491e-06
1.95395335346228e-06
1.98531108321624e-06
2.0150810956733e-06
2.04441935806187e-06
2.07540031624314e-06
2.11093549128207e-06
2.14171834171337e-06
2.17254817261833e-06
2.20512301675954e-06
2.2357273300966e-06
2.26584922729443e-06
2.29753774457717e-06
2.33365575762772e-06
2.36494046800969e-06
2.39648083817392e-06
2.4298365271814e-06
2.47183755637895e-06
2.52550882485236e-06
2.57124096244694e-06
2.61753334248635e-06
2.6696557570702e-06
2.7154193689136e-06
2.76158923448399e-06
2.81315722922828e-06
2.86461185058191e-06
2.91060183264064e-06
2.95916301536631e-06
3.01549614222218e-06
3.06412702698357e-06
3.1132895704262e-06
3.16759565280969e-06
3.21479870398027e-06
3.26274239829954e-06
3.31614957843944e-06
3.36372561063475e-06
3.4120482837056e-06
3.46383003022027e-06
3.51352024866553e-06
3.56304607957712e-06
3.61528604345508e-06
3.66529733152317e-06
3.71493703531094e-06
3.76718581320776e-06
3.81767443968177e-06
3.86788219863821e-06
3.92061408606791e-06
3.99897955818355e-06
4.07393391873772e-06
4.14922197642836e-06
4.2333450723721e-06
4.30855210968819e-06
4.38462874299075e-06
4.46954322776075e-06
4.54580398629455e-06
4.62280042211715e-06
4.70817334575179e-06
4.785131166435e-06
4.8628697792931e-06
4.9488098460461e-06
5.02650679148837e-06
5.10505471825237e-06
5.19167308445976e-06
5.27006239269645e-06
5.34939684943421e-06
5.43404280600164e-06
5.51529815387782e-06
5.59637202672015e-06
5.68191296357324e-06
5.76339975000201e-06
5.84471067734092e-06
5.93059744359143e-06
6.01256297508568e-06
6.09470424162718e-06
6.18153382550773e-06
6.26424494073512e-06
6.34723214391614e-06
6.45139334524941e-06
6.57067124231048e-06
6.70925848462892e-06
6.83494951583914e-06
6.96206671619654e-06
7.10298055699512e-06
7.22739248890154e-06
7.35396001291273e-06
7.49552456940566e-06
7.62033274162875e-06
7.74820373616737e-06
7.86964137586612e-06
7.99118729884668e-06
8.12631071047705e-06
8.254782216559e-06
8.38276925383434e-06
8.5187588628365e-06
8.64983721091764e-06
8.78183715818651e-06
8.92194398300489e-06
9.05505446783903e-06
9.18876472939305e-06
9.31452526688107e-06
9.43996947044042e-06
9.57416479385126e-06
9.70714670847568e-06
9.84260208293897e-06
9.98595197444855e-06
1.01225628221155e-05
1.02590086708225e-05
1.04225215103823e-05
1.06381318833027e-05
1.08376484690105e-05
1.10444382348425e-05
1.12798510056251e-05
1.14859618221575e-05
1.16972961169828e-05
1.18897914561924e-05
1.20883405033056e-05
1.23143249339315e-05
1.25182798761082e-05
1.27282274105761e-05
1.29282143086318e-05
1.31294469663105e-05
1.33532886380472e-05
1.35639487979799e-05
1.37751591062675e-05
1.397587936116e-05
1.41781494028472e-05
1.44033905974607e-05
1.4617418862007e-05
1.483218312048e-05
1.5037509878739e-05
1.52441693096879e-05
1.54653383187259e-05
1.56833157637776e-05
1.59052493326387e-05
1.61174272044865e-05
1.63290344692228e-05
1.65530130244262e-05
1.68933719973129e-05
1.72202804166405e-05
1.75575242080387e-05
1.78682260121414e-05
1.81906284554086e-05
1.85298615675262e-05
1.8863162235063e-05
1.92092271814838e-05
1.95375788421736e-05
1.98707250804304e-05
2.01904720907347e-05
2.0515570929428e-05
2.0880957312036e-05
2.12165657031467e-05
2.15631288744764e-05
2.18947758729734e-05
2.22305633932927e-05
2.25576718983945e-05
2.28907454446563e-05
2.32607971111101e-05
2.36107096209922e-05
2.39614464361883e-05
2.42942202445297e-05
2.46309153709642e-05
2.49647143719426e-05
2.53071742670707e-05
2.56738241144698e-05
2.603224411185e-05
2.6395756257043e-05
2.67404234595266e-05
2.7161384344267e-05
2.77212786705535e-05
2.82598634370334e-05
2.88214359637322e-05
2.93570709207893e-05
2.99035118519381e-05
3.04248597438957e-05
3.09563207691193e-05
3.14762839622696e-05
3.20097270300554e-05
3.26100271029994e-05
3.31572318656303e-05
3.37234326239431e-05
3.42617192042248e-05
3.48101416371697e-05
3.53370742051426e-05
3.58780703279058e-05
3.64100465623104e-05
3.69581792470702e-05
3.75011976554251e-05
3.80555659123394e-05
3.86473115042646e-05
3.92208798315515e-05
3.98056565610417e-05
4.03586129082178e-05
4.09187901531135e-05
4.14586654107906e-05
4.20142651831209e-05
4.25618612162816e-05
4.31272576648328e-05
4.388188414755e-05
4.47511377361744e-05
4.56001228241217e-05
4.64718674636353e-05
4.73179445987761e-05
4.81817329746079e-05
4.90281213718458e-05
4.98942256749703e-05
5.07505193492521e-05
5.1624636301394e-05
5.25295944080334e-05
5.3423641501984e-05
5.43520725809612e-05
5.523963535364e-05
5.61504846097404e-05
5.70203353078411e-05
5.79162506492225e-05
5.87816630571918e-05
5.96788596870772e-05
6.05518737419597e-05
6.14568319869591e-05
6.23374384194099e-05
6.32470798425489e-05
6.41314966855221e-05
6.50433500023195e-05
6.5931006739417e-05
6.68460147930985e-05
6.7738170817943e-05
6.8657537236401e-05
6.95545008547954e-05
7.06829762058684e-05
7.20264784375484e-05
7.34171784584593e-05
7.4835356039768e-05
7.62190860519389e-05
7.76240659933243e-05
7.90016469596155e-05
8.04111193661758e-05
8.18001906957524e-05
8.32246711406041e-05
8.46232472173663e-05
8.60558579577758e-05
8.74586902736637e-05
8.88976752851006e-05
9.03063773471765e-05
9.17546096478452e-05
9.31708270451386e-05
9.46288308714858e-05
9.60519033537709e-05
9.7518853311254e-05
9.89482107532739e-05
0.000100424042166121
0.000101859860286127
0.000103222136034531
0.000104607339127997
0.000106043221220728
0.000107538657905002
0.000109014637922478
0.000110505059217652
0.000111953762254944
0.00011405582837061
0.00011619121289986
0.000118335914269133
0.000120566544285497
0.000122793215535926
0.000125090636016693
0.000127333464067384
0.000129637249039804
0.000131877416199328
0.000134195677013157
0.000136451428230795
0.000138588252979477
0.000140765697957926
0.000143007615637272
0.000145359080975331
0.000147683909770956
0.00015005867650875
0.000152355331174836
0.000154711359184702
0.000157004721508663
0.00015919332825931
0.000161430993617705
0.000163720451933806
0.00016611909743817
0.000168489493918269
0.000170916480416897
0.000173265101169823
0.000175483143250765
0.000177739945102534
0.000180060502290853
0.00018333229591923
0.000186846405638196
0.000190380635560954
0.000194069295131584
0.000197698049053969
0.000201458323935431
0.000205098141618421
0.000208486241675997
0.000212038618034811
0.000215642134543744
0.000219427795664653
0.000223134601498646
0.000226623166834481
0.000230161164080622
0.000233752256557434
0.00023754266002163
0.000241301629544255
0.000244877700294989
0.00024849770031891
0.000252149032730559
0.000255976765431598
0.000259766644287788
0.000263383185619828
0.000267050983163487
0.000270747387387299
0.000274619018806344
0.000278449761318489
0.000282109655671519
0.000285825756940782
0.000289556474855506
0.000294544168684501
0.000300370805385206
0.000306175718090285
0.000311773308581477
0.000317485921794297
0.000323227856574609
0.000329261198424375
0.000335196708749844
0.000340820122692293
0.000346561988608336
0.000352311570025621
0.00035800617969983
0.000363884737781241
0.000369774676377657
0.000375923475496542
0.000381945896807186
0.000387661191213984
0.000393514893016043
0.000399364037719873
0.000405142347570298
0.000411136130385604
0.000417128257354817
0.000422967700506679
0.000428950247119214
0.000434937114749703
0.000440820549111762
0.000446850458471335
0.000452891872617426
0.000458820273634972
0.000464873014554554
0.000473263387046408
0.000482151450568954
0.000491443842810755
0.000500763768414127
0.000509789187191253
0.000519038238962602
0.000528288244659093
0.000537355432713366
0.000546705922453975
0.000556067643985407
0.000565211318410279
0.000574618964005787
0.000584027634865721
0.000593229116910344
0.000602712803861723
0.000612191490616326
0.000621454346931077
0.000631011237789895
0.000640550904974508
0.000649868789042099
0.000659500657459998
0.000669102959729931
0.0006784755713102
0.000688184184578526
0.000697851682893947
0.000707275114598907
0.000716470025754236
0.000726002339241274
0.000735714697515732
0.000745352112637384
0.000758645369397487
0.000772914343108775
0.000787423617009193
0.000803049176943964
0.000818137234189519
0.000832398294847846
0.000846190931834903
0.000860691143380498
0.000875711092994539
0.000890701004959074
0.000906172917974263
0.000921378941292156
0.000935967732993443
0.00095012911567422
0.000964930327577747
0.000980132034056772
0.000995253360255975
0.00101089005896508
0.00102630633746182
0.00104116306770419
0.00105557243312799
0.00107063328366875
0.00108601332230967
0.00110129264938426
0.00111619850770763
0.00113154152954834
0.00114700645616808
0.00116226132561731
0.00117722030416919
0.00119264738201954
0.00121390184047281
0.00123831315595989
0.00126231902783713
0.00128536903518199
0.0013075658068498
0.00133104542961787
0.00135493047120869
0.00137853510516507
0.00140146412384569
0.00142412397043524
0.0014478635799514
0.00147205155745299
0.00149587581609648
0.00151899623651634
0.00154293824596417
0.00156717599934788
0.00159110993028498
0.00161448309798914
0.00163878655595618
0.00166328356227822
0.0016873792969329
0.00171086303971482
0.0017342797473775
0.001758738240264
0.00178353599331833
0.00180790176977784
0.00183158051083037
0.00185612342205498
0.00188092802513643
0.00190544260062149
0.0019372788999185
0.00197364917560973
0.00201104681407727
0.00204854212295882
0.00208759466039977
0.00212618404627819
0.00216329272332277
0.00219902566193675
0.00223470186952144
0.00227356154470494
0.00231194023708806
0.00234928448445193
0.00238572294499621
0.00242216778782243
0.00246088927190554
0.00250010699570291
0.00253849698991589
0.00257556824155569
0.00261200016597235
0.00264928066663342
0.00268859028825074
0.00272811458678394
0.00276654576078353
0.00280368859074083
0.00284061550294556
0.00287970095998248
0.00291944503262859
0.00295856329761539
0.00299650296110143
0.0030337655486945
0.00308624763320327
0.0031426673185652
0.00320459532564285
0.00326564758258995
0.00332478499290246
0.00338207365449976
0.00343867312000571
0.00349617422952823
0.00355525051013081
0.00361728835382023
0.00367897405348782
0.00373848479070512
0.00379588514278457
0.00385282913472575
0.00391127884950557
0.00397369452017562
0.00403645731824544
0.00409724129180388
0.00415567959373414
0.0042130316888346
0.00427116510707524
0.0043310128181421
0.00439158357101625
0.00445424590502803
0.00451646425860202
0.00457694933018772
0.00463589067784176
0.00469459344498069
0.00475437193522888
0.00481527253658378
0.00490534727023291
0.00499755059426263
0.00509016783691
0.00518166526106206
0.00527185484580906
0.00536179391399515
0.00545282052736856
0.00554522458534873
0.00564275663426267
0.00574013085334141
0.00583444552724659
0.00592548072492473
0.00601505698007935
0.00610549671904512
0.00619792495892265
0.00629160218032825
0.00638502389526468
0.00647800404456622
0.00657489519945378
0.00667238415215994
0.00676796601758417
0.00686107163922055
0.00695295469537285
0.00704542629275903
0.00713935841832691
0.0072341781362507
0.00732881480200796
0.00742316181289181
0.00752144136896565
0.00762016302571727
0.00774760143763647
0.00788923787465644
0.00803314844360183
0.00817820092664081
0.00832244258980868
0.00846593462233744
0.00861743707969017
0.00876984623370171
0.00891852459318452
0.00906245800244339
0.0092035664984812
0.00934473368122835
0.00948780510195189
0.00963276110859475
0.00977834742264799
0.00992356761833237
0.010068524394192
0.0102139780847313
0.0103602629723687
0.0105069470693288
0.0106607965739144
0.0108140324016666
0.0109650341051982
0.0111120748103351
0.0112563674799067
0.0114003069573425
0.0115456187779227
0.0116925512010747
0.0118402347604817
