3.72377508131468e-07
3.78583799933659e-07
3.8479009173585e-07
3.90996383538042e-07
3.97202675340233e-07
4.03408967142424e-07
4.09615258944615e-07
4.15821550746806e-07
4.22027842548997e-07
4.28234134351188e-07
4.3444042615338e-07
4.40646717955571e-07
4.46853009757762e-07
4.53059301559953e-07
4.59265593362144e-07
4.65471885164335e-07
4.71678176966526e-07
4.77884468768717e-07
4.84090760570909e-07
4.902970523731e-07
4.96503344175291e-07
5.02709635977482e-07
5.08915927779673e-07
5.15122219581864e-07
5.21328511384055e-07
5.27534803186247e-07
5.33741094988438e-07
5.39947386790629e-07
5.4615367859282e-07
5.52359970395011e-07
5.58566262197202e-07
5.67875699900489e-07
5.77185137603776e-07
5.86494575307062e-07
5.95804013010349e-07
6.05113450713636e-07
6.14422888416922e-07
6.23732326120209e-07
6.33041763823496e-07
6.42351201526783e-07
6.51660639230069e-07
6.60970076933356e-07
6.70279514636643e-07
6.79588952339929e-07
6.88898390043216e-07
6.98207827746503e-07
7.07517265449789e-07
7.16826703153076e-07
7.26136140856363e-07
7.3544557855965e-07
7.44755016262936e-07
7.54064453966223e-07
7.6337389166951e-07
7.72683329372796e-07
7.81992767076083e-07
7.9130220477937e-07
8.00611642482657e-07
8.09921080185943e-07
8.1923051788923e-07
8.28539955592517e-07
8.37849393295803e-07
8.51813549850733e-07
8.65777706405663e-07
8.79741862960594e-07
8.93706019515524e-07
9.07670176070454e-07
9.21634332625384e-07
9.35598489180314e-07
9.49562645735244e-07
9.63526802290174e-07
9.77490958845104e-07
9.91455115400034e-07
1.00541927195496e-06
1.01938342850989e-06
1.03334758506482e-06
1.04731174161975e-06
1.06127589817468e-06
1.07524005472961e-06
1.08920421128454e-06
1.10316836783947e-06
1.1171325243944e-06
1.13109668094933e-06
1.14506083750426e-06
1.15902499405919e-06
1.17298915061412e-06
1.18695330716905e-06
1.20091746372398e-06
1.21488162027891e-06
1.22884577683384e-06
1.24280993338877e-06
1.2567740899437e-06
1.2777203247761e-06
1.2986665596085e-06
1.31961279444089e-06
1.34055902927329e-06
1.36150526410568e-06
1.38245149893808e-06
1.40339773377047e-06
1.42434396860287e-06
1.44529020343526e-06
1.46623643826766e-06
1.48718267310005e-06
1.50812890793245e-06
1.52907514276484e-06
1.55002137759724e-06
1.57096761242963e-06
1.59191384726203e-06
1.61286008209442e-06
1.63380631692682e-06
1.65475255175921e-06
1.67569878659161e-06
1.696645021424e-06
1.7175912562564e-06
1.73853749108879e-06
1.75948372592119e-06
1.78042996075358e-06
1.80137619558598e-06
1.82232243041837e-06
1.84326866525077e-06
1.86421490008316e-06
1.88516113491556e-06
1.91658048716415e-06
1.94799983941274e-06
1.97941919166134e-06
2.01083854390993e-06
2.04225789615852e-06
2.07367724840711e-06
2.10509660065571e-06
2.1365159529043e-06
2.16793530515289e-06
2.19935465740148e-06
2.23077400965008e-06
2.26219336189867e-06
2.29361271414726e-06
2.32503206639585e-06
2.35645141864445e-06
2.38787077089304e-06
2.41929012314163e-06
2.45070947539022e-06
2.48212882763882e-06
2.51354817988741e-06
2.544967532136e-06
2.5763868843846e-06
2.60780623663319e-06
2.63922558888178e-06
2.67064494113037e-06
2.70206429337897e-06
2.73348364562756e-06
2.76490299787615e-06
2.79632235012474e-06
2.82774170237334e-06
2.87487073074623e-06
2.92199975911911e-06
2.969128787492e-06
3.01625781586489e-06
3.06338684423778e-06
3.11051587261067e-06
3.15764490098356e-06
3.20477392935645e-06
3.25190295772934e-06
3.29903198610223e-06
3.34616101447511e-06
3.393290042848e-06
3.44041907122089e-06
3.48754809959378e-06
3.53467712796667e-06
3.58180615633956e-06
3.62893518471245e-06
3.67606421308534e-06
3.72319324145823e-06
3.77032226983112e-06
3.817451298204e-06
3.86458032657689e-06
3.91170935494978e-06
3.95883838332267e-06
4.00596741169556e-06
4.05309644006845e-06
4.10022546844134e-06
4.14735449681423e-06
4.19448352518712e-06
4.24161255356001e-06
4.31230609611934e-06
4.38299963867867e-06
4.45369318123801e-06
4.52438672379734e-06
4.59508026635667e-06
4.66577380891601e-06
4.73646735147534e-06
4.80716089403467e-06
4.87785443659401e-06
4.94854797915334e-06
5.01924152171267e-06
5.08993506427201e-06
5.16062860683134e-06
5.23132214939067e-06
5.30201569195001e-06
5.37270923450934e-06
5.44340277706867e-06
5.51409631962801e-06
5.58478986218734e-06
5.65548340474667e-06
5.72617694730601e-06
5.79687048986534e-06
5.86756403242467e-06
5.93825757498401e-06
6.00895111754334e-06
6.07964466010267e-06
6.15033820266201e-06
6.22103174522134e-06
6.29172528778067e-06
6.36241883034001e-06
6.46845914417901e-06
6.57449945801801e-06
6.68053977185701e-06
6.78658008569601e-06
6.89262039953501e-06
6.99866071337401e-06
7.10470102721301e-06
7.21074134105201e-06
7.31678165489101e-06
7.42282196873001e-06
7.52886228256901e-06
7.63490259640801e-06
7.74094291024701e-06
7.84698322408601e-06
7.95302353792501e-06
8.05906385176401e-06
8.16510416560301e-06
8.27114447944201e-06
8.37718479328101e-06
8.48322510712001e-06
8.58926542095901e-06
8.69530573479801e-06
8.80134604863701e-06
8.90738636247601e-06
9.01342667631501e-06
9.11946699015401e-06
9.22550730399301e-06
9.33154761783201e-06
9.43758793167101e-06
9.54362824551001e-06
9.70268871626851e-06
9.86174918702701e-06
1.00208096577855e-05
1.0179870128544e-05
1.03389305993025e-05
1.0497991070061e-05
1.06570515408195e-05
1.0816112011578e-05
1.09751724823365e-05
1.1134232953095e-05
1.12932934238535e-05
1.1452353894612e-05
1.16114143653705e-05
1.1770474836129e-05
1.19295353068875e-05
1.2088595777646e-05
1.22476562484045e-05
1.2406716719163e-05
1.25657771899215e-05
1.272483766068e-05
1.28838981314385e-05
1.3042958602197e-05
1.32020190729555e-05
1.3361079543714e-05
1.35201400144725e-05
1.3679200485231e-05
1.38382609559895e-05
1.3997321426748e-05
1.41563818975065e-05
1.4315442368265e-05
1.45540330744028e-05
1.47926237805405e-05
1.50312144866783e-05
1.5269805192816e-05
1.55083958989538e-05
1.57469866050915e-05
1.59855773112293e-05
1.6224168017367e-05
1.64627587235048e-05
1.67013494296425e-05
1.69399401357803e-05
1.7178530841918e-05
1.74171215480558e-05
1.76557122541935e-05
1.78943029603313e-05
1.8132893666469e-05
1.83714843726068e-05
1.86100750787445e-05
1.88486657848823e-05
1.908725649102e-05
1.93258471971578e-05
1.95644379032955e-05
1.98030286094333e-05
2.0041619315571e-05
2.02802100217088e-05
2.05188007278465e-05
2.07573914339843e-05
2.0995982140122e-05
2.12345728462598e-05
2.14731635523975e-05
2.18310496116041e-05
2.21889356708108e-05
2.25468217300174e-05
2.2904707789224e-05
2.32625938484306e-05
2.36204799076373e-05
2.39783659668439e-05
2.43362520260505e-05
2.46941380852572e-05
2.50520241444638e-05
2.54099102036704e-05
2.5767796262877e-05
2.61256823220837e-05
2.64835683812903e-05
2.68414544404969e-05
2.71993404997035e-05
2.75572265589102e-05
2.79151126181168e-05
2.82729986773234e-05
2.863088473653e-05
2.89887707957367e-05
2.93466568549433e-05
2.97045429141499e-05
3.00624289733565e-05
3.04203150325632e-05
3.07782010917698e-05
3.11360871509764e-05
3.1493973210183e-05
3.18518592693897e-05
3.22097453285963e-05
3.27465744174062e-05
3.32834035062162e-05
3.38202325950261e-05
3.4357061683836e-05
3.4893890772646e-05
3.54307198614559e-05
3.59675489502658e-05
3.65043780390758e-05
3.70412071278857e-05
3.75780362166957e-05
3.81148653055056e-05
3.86516943943155e-05
3.91885234831255e-05
3.97253525719354e-05
4.02621816607454e-05
4.07990107495553e-05
4.13358398383652e-05
4.18726689271752e-05
4.24094980159851e-05
4.2946327104795e-05
4.3483156193605e-05
4.40199852824149e-05
4.45568143712249e-05
4.50936434600348e-05
4.56304725488447e-05
4.61673016376547e-05
4.67041307264646e-05
4.72409598152745e-05
4.77777889040845e-05
4.83146179928944e-05
4.91198616261093e-05
4.99251052593242e-05
5.07303488925392e-05
5.15355925257541e-05
5.2340836158969e-05
5.31460797921839e-05
5.39513234253988e-05
5.47565670586137e-05
5.55618106918286e-05
5.63670543250435e-05
5.71722979582584e-05
5.79775415914733e-05
5.87827852246882e-05
5.95880288579031e-05
6.0393272491118e-05
6.11985161243329e-05
6.20037597575478e-05
6.28090033907628e-05
6.36142470239777e-05
6.44194906571926e-05
6.52247342904075e-05
6.60299779236224e-05
6.68352215568373e-05
6.76404651900522e-05
6.84457088232671e-05
6.9250952456482e-05
7.00561960896969e-05
7.08614397229118e-05
7.16666833561267e-05
7.24719269893416e-05
7.3679792439164e-05
7.48876578889864e-05
7.60955233388087e-05
7.73033887886311e-05
7.85112542384534e-05
7.97191196882758e-05
8.09269851380982e-05
8.21348505879205e-05
8.33427160377429e-05
8.45505814875652e-05
8.57584469373876e-05
8.696631238721e-05
8.81741778370323e-05
8.93820432868547e-05
9.0589908736677e-05
9.17977741864994e-05
9.30056396363218e-05
9.42135050861441e-05
9.54213705359665e-05
9.66292359857889e-05
9.78371014356112e-05
9.90449668854336e-05
0.000100252832335256
0.000101460697785078
0.000102668563234901
0.000103876428684723
0.000105084294134545
0.000106292159584368
0.00010750002503419
0.000108707890484012
0.000110519688658746
0.00011233148683348
0.000114143285008213
0.000115955083182947
0.00011776688135768
0.000119578679532414
0.000121390477707147
0.000123202275881881
0.000125014074056614
0.000126825872231348
0.000128637670406081
0.000130449468580815
0.000132261266755549
0.000134073064930282
0.000135884863105016
0.000137696661279749
0.000139508459454483
0.000141320257629216
0.00014313205580395
0.000144943853978683
0.000146755652153417
0.00014856745032815
0.000150379248502884
0.000152191046677617
0.000154002844852351
0.000155814643027085
0.000157626441201818
0.000159438239376552
0.000161250037551285
0.000163061835726019
0.000165779532988119
0.000168497230250219
0.00017121492751232
0.00017393262477442
0.00017665032203652
0.000179368019298621
0.000182085716560721
0.000184803413822821
0.000187521111084921
0.000190238808347022
0.000192956505609122
0.000195674202871222
0.000198391900133323
0.000201109597395423
0.000203827294657523
0.000206544991919624
0.000209262689181724
0.000211980386443824
0.000214698083705925
0.000217415780968025
0.000220133478230125
0.000222851175492226
0.000225568872754326
0.000228286570016426
0.000231004267278526
0.000233721964540627
0.000236439661802727
0.000239157359064827
0.000241875056326928
0.000244592753589028
0.000248669299482179
0.000252745845375329
0.000256822391268479
0.00026089893716163
0.00026497548305478
0.000269052028947931
0.000273128574841081
0.000277205120734232
0.000281281666627382
0.000285358212520533
0.000289434758413683
0.000293511304306834
0.000297587850199984
0.000301664396093135
0.000305740941986285
0.000309817487879436
0.000313894033772586
0.000317970579665736
0.000322047125558887
0.000326123671452037
0.000330200217345188
0.000334276763238338
0.000338353309131489
0.000342429855024639
0.00034650640091779
0.00035058294681094
0.000354659492704091
0.000358736038597241
0.000362812584490392
0.000366889130383542
0.000373003949223268
0.000379118768062993
0.000385233586902719
0.000391348405742445
0.000397463224582171
0.000403578043421896
0.000409692862261622
0.000415807681101348
0.000421922499941073
0.000428037318780799
0.000434152137620525
0.00044026695646025
0.000446381775299976
0.000452496594139702
0.000458611412979428
0.000464726231819153
0.000470841050658879
0.000476955869498605
0.00048307068833833
0.000489185507178056
0.000495300326017782
0.000501415144857507
0.000507529963697233
0.000513644782536959
0.000519759601376685
0.00052587442021641
0.000531989239056136
0.000538104057895862
0.000544218876735587
0.000550333695575313
0.000559505923834902
0.00056867815209449
0.000577850380354079
0.000587022608613667
0.000596194836873256
0.000605367065132844
0.000614539293392433
0.000623711521652021
0.00063288374991161
0.000642055978171199
0.000651228206430787
0.000660400434690376
0.000669572662949964
0.000678744891209553
0.000687917119469141
0.00069708934772873
0.000706261575988318
0.000715433804247907
0.000724606032507496
0.000733778260767084
0.000742950489026673
0.000752122717286261
0.00076129494554585
0.000770467173805438
0.000779639402065027
0.000788811630324615
0.000797983858584204
0.000807156086843792
0.000816328315103381
0.00082550054336297
0.000839258885752352
0.000853017228141735
0.000866775570531118
0.000880533912920501
0.000894292255309884
0.000908050597699267
0.000921808940088649
0.000935567282478032
0.000949325624867415
0.000963083967256798
0.000976842309646181
0.000990600652035563
0.00100435899442495
0.00101811733681433
0.00103187567920371
0.00104563402159309
0.00105939236398248
0.00107315070637186
0.00108690904876124
0.00110066739115063
0.00111442573354001
0.00112818407592939
0.00114194241831877
0.00115570076070816
0.00116945910309754
0.00118321744548692
0.00119697578787631
0.00121073413026569
0.00122449247265507
0.00123825081504445
0.00125888832862853
0.0012795258422126
0.00130016335579668
0.00132080086938075
0.00134143838296483
0.0013620758965489
0.00138271341013297
0.00140335092371705
0.00142398843730112
0.0014446259508852
0.00146526346446927
0.00148590097805335
0.00150653849163742
0.00152717600522149
0.00154781351880557
0.00156845103238964
0.00158908854597372
0.00160972605955779
0.00163036357314187
0.00165100108672594
0.00167163860031001
0.00169227611389409
0.00171291362747816
0.00173355114106224
0.00175418865464631
0.00177482616823038
0.00179546368181446
0.00181610119539853
0.00183673870898261
0.00185737622256668
0.00188833249294279
0.0019192887633189
0.00195024503369502
0.00198120130407113
0.00201215757444724
0.00204311384482335
0.00207407011519946
0.00210502638557557
0.00213598265595168
0.0021669389263278
0.00219789519670391
0.00222885146708002
0.00225980773745613
0.00229076400783224
0.00232172027820835
0.00235267654858446
0.00238363281896057
0.00241458908933669
0.0024455453597128
0.00247650163008891
0.00250745790046502
0.00253841417084113
0.00256937044121724
0.00260032671159335
0.00263128298196947
0.00266223925234558
0.00269319552272169
0.0027241517930978
0.00275510806347391
0.00278606433385002
0.00283249873941419
0.00287893314497836
0.00292536755054252
0.00297180195610669
0.00301823636167086
0.00306467076723502
0.00311110517279919
0.00315753957836336
0.00320397398392753
0.00325040838949169
0.00329684279505586
0.00334327720062003
0.00338971160618419
0.00343614601174836
0.00348258041731253
0.00352901482287669
0.00357544922844086
0.00362188363400503
0.0036683180395692
0.00371475244513336
0.00376118685069753
0.0038076212562617
0.00385405566182586
0.00390049006739003
0.0039469244729542
0.00399335887851837
0.00403979328408253
0.0040862276896467
0.00413266209521087
0.00417909650077503
0.00424874810912128
0.00431839971746753
0.00438805132581379
0.00445770293416004
0.00452735454250629
0.00459700615085254
0.00466665775919879
0.00473630936754504
0.00480596097589129
0.00487561258423754
0.00494526419258379
0.00501491580093004
0.00508456740927629
0.00515421901762254
0.00522387062596879
0.00529352223431504
0.00536317384266129
0.00543282545100754
0.00550247705935379
0.00557212866770004
0.0056417802760463
0.00571143188439255
0.0057810834927388
0.00585073510108505
0.0059203867094313
0.00599003831777755
0.0060596899261238
0.00612934153447005
0.0061989931428163
0.00626864475116255
0.00637312216368193
0.0064775995762013
0.00658207698872068
0.00668655440124005
0.00679103181375943
0.0068955092262788
0.00699998663879818
0.00710446405131756
0.00720894146383693
0.00731341887635631
0.00741789628887568
0.00752237370139506
0.00762685111391444
0.00773132852643381
0.00783580593895319
0.00794028335147256
0.00804476076399194
0.00814923817651132
0.00825371558903069
0.00835819300155007
0.00846267041406944
0.00856714782658882
0.00867162523910819
0.00877610265162757
0.00888058006414695
0.00898505747666632
0.0090895348891857
0.00919401230170507
0.00929848971422445
0.00940296712674383
0.00955968324552289
0.00971639936430195
0.00987311548308102
0.0100298316018601
0.0101865477206391
0.0103432638394182
0.0104999799581973
0.0106566960769763
0.0108134121957554
0.0109701283145345
0.0111268444333135
0.0112835605520926
0.0114402766708717
0.0115969927896507
0.0117537089084298
0.0119104250272088
0.0120671411459879
0.012223857264767
0.012380573383546
0.0125372895023251
0.0126940056211042
0.0128507217398832
0.0130074378586623
0.0131641539774414
0.0133208700962204
0.0134775862149995
0.0136343023337785
0.0137910184525576
0.0139477345713367
