1e-16
1.04661319543423e-16
1.09367598246335e-16
1.14158120059195e-16
1.19335433302302e-16
1.25003033944438e-16
1.31257264006361e-16
1.38369133608322e-16
1.43047270751485e-16
1.47554579790639e-16
1.5217060505856e-16
1.57261060684261e-16
1.62959249972912e-16
1.6935292555761e-16
1.76497947599914e-16
1.8443533798361e-16
1.9086333384312e-16
1.96204302222998e-16
2.01751075153066e-16
2.07580959823679e-16
2.14287154685324e-16
2.2185032958668e-16
2.30280572228435e-16
2.39587780054872e-16
2.47794886790099e-16
2.54249962285131e-16
2.60894724509371e-16
2.67860265845255e-16
2.75860472451809e-16
2.84843173358606e-16
2.94788165885859e-16
3.07235871270867e-16
3.24673052873752e-16
3.44745805584271e-16
3.57071401536628e-16
3.69983131246915e-16
3.83275463854877e-16
3.98062561723361e-16
4.14716453304184e-16
4.34063067712746e-16
4.5528066610239e-16
4.70556189346711e-16
4.85926482056817e-16
5.01413722978118e-16
5.18478969296837e-16
5.37591928030894e-16
5.58990029145516e-16
5.82793384141331e-16
6.09084196798146e-16
6.27356115568641e-16
6.46114877770154e-16
6.65305193890302e-16
6.86553677361002e-16
7.10223196726632e-16
7.36505341757969e-16
7.65487381789011e-16
7.87835158804243e-16
8.10005110441352e-16
8.3226544147459e-16
8.55555598664402e-16
8.82331638219157e-16
9.08920644362971e-16
9.49363189689512e-16
9.94460330008539e-16
1.04679134566747e-15
1.10420875826793e-15
1.16304838327519e-15
1.20480054831974e-15
1.24764297806738e-15
1.29232492858541e-15
1.34351691521205e-15
1.40139408854829e-15
1.46812959308301e-15
1.52944566715082e-15
1.58051630733911e-15
1.63243197986326e-15
1.68628268120898e-15
1.74737773858979e-15
1.81584097333805e-15
1.8918612016399e-15
1.95214095265235e-15
2.01180608527598e-15
2.07185674851561e-15
2.13811748421155e-15
2.21190346313948e-15
2.29369214990233e-15
2.38360861429673e-15
2.45351221741295e-15
2.52343582411123e-15
2.59431156021321e-15
2.66889073946442e-15
2.81032265004532e-15
2.92745172417783e-15
3.04503891004995e-15
3.16532660885347e-15
3.3015499488502e-15
3.4610129613097e-15
3.63651621309762e-15
3.79610364483884e-15
3.92464222878446e-15
4.05821442871214e-15
4.20805039690437e-15
4.37756127809554e-15
4.56859429365913e-15
4.78205402299646e-15
4.93870861979975e-15
5.10042475612563e-15
5.26812612946064e-15
5.45749006629258e-15
5.66968510724427e-15
5.90549071557489e-15
6.09196574138009e-15
6.2795984060019e-15
6.47133594957852e-15
6.68532787049754e-15
6.92372650941577e-15
7.18731575340915e-15
7.3996557929277e-15
7.61303791851947e-15
7.83111694384952e-15
8.07400103656749e-15
8.40994546827177e-15
8.85929444223481e-15
9.37134068136981e-15
9.73312110819545e-15
1.01080317630852e-14
1.04992725948086e-14
1.09474992615639e-14
1.14724801173042e-14
1.19553775379424e-14
1.23567403435789e-14
1.27754133334265e-14
1.32514924417247e-14
1.37909821903643e-14
1.4397261122073e-14
1.49045112227315e-14
1.54093985682267e-14
1.59241393026483e-14
1.65022541732271e-14
1.71490215709291e-14
1.78660890312437e-14
1.84469977789676e-14
1.90320897471698e-14
1.96323055393332e-14
2.0304484341636e-14
2.10526184536336e-14
2.17244622101979e-14
2.23799457639124e-14
2.30390533250904e-14
2.37687806870353e-14
2.45770248243299e-14
2.54534141307932e-14
2.66440777465766e-14
2.80467012570886e-14
2.963833332158e-14
3.07930071563895e-14
3.19922600598432e-14
3.32958748290405e-14
3.47541800962375e-14
3.64443650271919e-14
3.77907954426945e-14
3.91524639583581e-14
4.05615750650413e-14
4.21713909749376e-14
4.39878708435656e-14
4.55296917283412e-14
4.70813366943961e-14
4.86819573703365e-14
5.04979247513285e-14
5.25306064034515e-14
5.42867551408729e-14
5.60454150093888e-14
5.78522863996993e-14
5.98865880444162e-14
6.21484617627681e-14
6.41210431819877e-14
6.60943882595047e-14
6.81190351949483e-14
7.03863297905921e-14
7.28934518073354e-14
7.51847289179802e-14
7.75306960903698e-14
8.08345383661669e-14
8.48832650086888e-14
8.95731006076216e-14
9.34206768663248e-14
9.72799471285243e-14
1.01263287073195e-13
1.05947287851858e-13
1.11110127210811e-13
1.15347508613835e-13
1.19664165626259e-13
1.24162227055745e-13
1.2931490326483e-13
1.34452131070032e-13
1.39102259870806e-13
1.43867050549604e-13
1.49224755592093e-13
1.55241502944632e-13
1.60531096178541e-13
1.65873817210575e-13
1.71415881740779e-13
1.77707238139812e-13
1.84710599459821e-13
1.9062663329727e-13
1.96666266022574e-13
2.02954407931091e-13
2.10063204242225e-13
2.16701829730189e-13
2.23266967420909e-13
2.2998076457404e-13
2.39361094030302e-13
2.50347767583577e-13
2.63172455639209e-13
2.77261959859713e-13
2.88733863666969e-13
3.00507280248245e-13
3.13350655251659e-13
3.27745796086157e-13
3.40269169980922e-13
3.53049968020599e-13
3.67068461319981e-13
3.82745998599624e-13
3.97411354341452e-13
4.11888295903817e-13
4.26768465798727e-13
4.43723179276625e-13
4.62731603688586e-13
4.78811668101454e-13
4.95362869912557e-13
5.12741428380766e-13
5.3258993757482e-13
5.49927958297807e-13
5.67774406431111e-13
5.86542680860464e-13
6.08004699472216e-13
6.2780350320837e-13
6.47656120893186e-13
6.68158292498756e-13
6.91233139855451e-13
7.1264704844475e-13
7.37012568402015e-13
7.70507183987538e-13
8.11105540590116e-13
8.46689269920749e-13
8.82990210827632e-13
9.22961770891604e-13
9.67767999642644e-13
1.00694630047186e-12
1.04708131103743e-12
1.09115840709798e-12
1.14041655132541e-12
1.18333511647609e-12
1.22757158146304e-12
1.27648012296271e-12
1.3301465476545e-12
1.37757938545093e-12
1.42674453501508e-12
1.48117997393422e-12
1.5331256158673e-12
1.58492209893132e-12
1.63870901943555e-12
1.70029797637222e-12
1.75893471869922e-12
1.81764013097034e-12
1.87832875968383e-12
1.94667704572685e-12
2.01040489850033e-12
2.07457113286395e-12
2.14111919916854e-12
2.20980711661735e-12
2.30318706660787e-12
2.42153328401176e-12
2.52685538481029e-12
2.63612712601146e-12
2.75986073347791e-12
2.87898392800406e-12
2.99801649618104e-12
3.12734224691988e-12
3.27202073622243e-12
3.40159578709383e-12
3.53518409332998e-12
3.68347497086467e-12
3.82591067810631e-12
3.96859351702248e-12
4.12372221112538e-12
4.29608157548024e-12
4.45591011318922e-12
4.61767211827063e-12
4.79346987769192e-12
4.96061825365885e-12
5.12915469426704e-12
5.31344934896176e-12
5.4940078572728e-12
5.67508867520367e-12
5.86378846284831e-12
6.07842822510578e-12
6.28100634693325e-12
6.48575957719265e-12
6.69859674084586e-12
6.91602125995624e-12
7.19796246353892e-12
7.51308388880191e-12
7.88672047535128e-12
8.26371215393631e-12
8.61822420259605e-12
9.00088960320129e-12
9.4307828086971e-12
9.81642723007858e-12
1.02189753981538e-11
1.06739526017473e-11
1.11010890987491e-11
1.15372802773499e-11
1.2020633912865e-11
1.24778009231836e-11
1.29442791186084e-11
1.34620735384911e-11
1.39559977826266e-11
1.44591733540574e-11
1.50152776431432e-11
1.55474625666513e-11
1.60888415167361e-11
1.66847826858227e-11
1.72558906821074e-11
1.78366091565022e-11
1.84742076613282e-11
1.90851539788298e-11
1.97065751015616e-11
2.03877227971644e-11
2.10393605867088e-11
2.17027907625363e-11
2.2660661223573e-11
2.36778363851073e-11
2.47258943606489e-11
2.59237809024858e-11
2.70943972112554e-11
2.8282784053381e-11
2.95951921140319e-11
3.08546679087391e-11
3.21387511082109e-11
3.3567720934536e-11
3.4929021317081e-11
3.6324933404251e-11
3.78297985380458e-11
3.93281330085393e-11
4.08552724515684e-11
4.24235989671412e-11
4.3984809761391e-11
4.56921371447047e-11
4.73565570021478e-11
4.90548644850415e-11
5.09325925023034e-11
5.27267279644976e-11
5.45648412881796e-11
5.6450100074288e-11
5.83207226925007e-11
6.03561217111484e-11
6.24204881488106e-11
6.44768335732194e-11
6.66162512296265e-11
6.87989875933359e-11
7.1649693525263e-11
7.52642699589128e-11
7.87179832287552e-11
8.24541182481385e-11
8.60949191105375e-11
8.98276162589331e-11
9.40540666658119e-11
9.80891516921119e-11
1.0226959743276e-10
1.06405410338503e-10
1.1065396372375e-10
1.15357815027666e-10
1.20048993205063e-10
1.24848419279691e-10
1.29755244419344e-10
1.34695423806336e-10
1.39773699450142e-10
1.44853450386953e-10
1.50461362094703e-10
1.56151053768677e-10
1.61845812114097e-10
1.67618139946679e-10
1.73357537788059e-10
1.79667743911355e-10
1.86025123031613e-10
1.92429002257097e-10
1.98886030960759e-10
2.05348386816444e-10
2.11957194328026e-10
2.18639019267175e-10
2.28667265020016e-10
2.3928112103437e-10
2.50320334657016e-10
2.61880836278642e-10
2.73599768577297e-10
2.86721592928143e-10
2.99331810397687e-10
3.12455144558503e-10
3.25431277113148e-10
3.38920305031435e-10
3.52859961206766e-10
3.67090939960032e-10
3.81779206281276e-10
3.96686125127633e-10
4.12155298606642e-10
4.27853731328937e-10
4.45277438558321e-10
4.62127982640666e-10
4.79574838198162e-10
4.97321710333849e-10
5.1536941689795e-10
5.3368676821021e-10
5.52328744306879e-10
5.71406534083486e-10
5.90911508429071e-10
6.10977855170121e-10
6.31451780183144e-10
6.52506211807192e-10
6.7388542552339e-10
6.9585472550144e-10
7.26034067926251e-10
7.60721977105509e-10
7.96805258625509e-10
8.33946682510488e-10
8.72403865180346e-10
9.11612714529988e-10
9.52029395899384e-10
9.93263330115712e-10
1.03585131367507e-09
1.07945945089913e-09
1.12451577264359e-09
1.17065003601333e-09
1.21819540985645e-09
1.26684002960662e-09
1.3168495706898e-09
1.36805644081299e-09
1.4206031939874e-09
1.47448608411841e-09
1.52965976999534e-09
1.5863122700265e-09
1.64416967439462e-09
1.70366577789692e-09
1.76425737385316e-09
1.82560955813474e-09
1.8861936496821e-09
1.94893984191962e-09
2.01440497489327e-09
2.08277215576215e-09
2.15238907036037e-09
2.22346436267076e-09
2.32389950660989e-09
2.42979646770438e-09
2.54223163664371e-09
2.65919090673213e-09
2.78147595113582e-09
2.90783405418783e-09
3.03809601100142e-09
3.17248604047785e-09
3.30991118888931e-09
3.44474405407036e-09
3.58308356468572e-09
3.72836729619178e-09
3.88035926712949e-09
4.03812915878133e-09
4.20059415704645e-09
4.36606611264354e-09
4.53299992352198e-09
4.69865089603362e-09
4.86973871419846e-09
5.0492051679238e-09
5.23585808341406e-09
5.42637863047938e-09
5.6148059346e-09
5.80845567671784e-09
6.00970436982805e-09
6.21820249196747e-09
6.43065512028316e-09
6.64107674878042e-09
6.85731706251367e-09
7.08189723373333e-09
7.39247247920627e-09
7.74663575185024e-09
8.1138518994178e-09
8.50708211181508e-09
8.90590644509615e-09
9.29020558486028e-09
9.70348630858982e-09
1.01243107526839e-08
1.05529216587464e-08
1.0987708119991e-08
1.14391881495521e-08
1.19072698768821e-08
1.23835671626596e-08
1.28768360436768e-08
1.33900396425719e-08
1.39174640465294e-08
1.44516141678519e-08
1.49903243708107e-08
1.55413539851088e-08
1.6105817909756e-08
1.66845273214189e-08
1.72811216288479e-08
1.78913218131346e-08
1.85113644022382e-08
1.91476502118283e-08
1.97975127382143e-08
2.0458799509471e-08
2.113783223642e-08
2.1831062094306e-08
2.25362776611826e-08
2.35390772916462e-08
2.46060477902278e-08
2.58131605164395e-08
2.70414254960796e-08
2.82269256739647e-08
2.94926491414879e-08
3.07748971261992e-08
3.20927001033253e-08
3.34434117894951e-08
3.48274177901052e-08
3.62641090549295e-08
3.77421135200663e-08
3.925810357672e-08
4.08163659048745e-08
4.24050165154986e-08
4.40085377588815e-08
4.56366016837081e-08
4.73290581147886e-08
4.90793648253274e-08
5.08826483677805e-08
5.27310489772484e-08
5.4604448212761e-08
5.6484690940596e-08
5.83954883959394e-08
6.03739606664535e-08
6.2412946589559e-08
6.44845508645735e-08
6.65844462354613e-08
6.87464373242629e-08
7.09594461688103e-08
7.39828909280379e-08
7.7562901679056e-08
8.12341989392309e-08
8.49680403104974e-08
8.87267586620233e-08
9.25184536201347e-08
9.6582364215488e-08
1.00735374070115e-07
1.0496496261939e-07
1.09247776072722e-07
1.13651338798423e-07
1.18230088606279e-07
1.22939038793823e-07
1.2770638077689e-07
1.32514033859081e-07
1.37457965025896e-07
1.42613046255662e-07
1.47916061779802e-07
1.53276743620232e-07
1.58748562222397e-07
1.64386611034209e-07
1.7015514012619e-07
1.75987426304026e-07
1.81865286001887e-07
1.87929275325794e-07
1.94211414569989e-07
2.00639715189765e-07
2.0711937442939e-07
2.13624411766674e-07
2.20226377531321e-07
2.29614575834127e-07
2.40582355579675e-07
2.518145368937e-07
2.63198995199268e-07
2.74648286344924e-07
2.86212569123696e-07
2.98077635891038e-07
3.11095613493246e-07
3.24301822023238e-07
3.37558057875222e-07
3.50827323767763e-07
3.64237461165531e-07
3.78026096518694e-07
3.92920009438544e-07
4.08008745465464e-07
4.23322608968169e-07
4.38784543630992e-07
4.54383911467388e-07
4.70234826056284e-07
4.86517956858249e-07
5.03576025214283e-07
5.21219645386508e-07
5.39095447729827e-07
5.56978793754615e-07
5.7490733842757e-07
5.93115942279921e-07
6.11865029103154e-07
6.31227670111336e-07
6.51243291524291e-07
6.71790396579926e-07
6.99210013434212e-07
7.30701196386111e-07
7.63366210978081e-07
7.97190187868252e-07
8.31726961666586e-07
8.66694712203727e-07
9.0218130324709e-07
9.38532880160461e-07
9.76074689716402e-07
1.01483495565742e-06
1.05525914081676e-06
1.09705565309376e-06
1.13948216506479e-06
1.18206234215258e-06
1.22487179988111e-06
1.26835646658686e-06
1.31299617584601e-06
1.35900057639476e-06
1.40623234835537e-06
1.4544386899774e-06
1.5035516433255e-06
1.55457201578307e-06
1.60726972114728e-06
1.66070313942991e-06
1.71426491718791e-06
1.7680050913157e-06
1.8224042667734e-06
1.87797776384514e-06
1.93496280087589e-06
1.99325628960588e-06
2.07904849289443e-06
2.16889797580752e-06
2.26300883722675e-06
2.36019102308297e-06
2.4592966515416e-06
2.56001322591602e-06
2.66276841303859e-06
2.76818116216109e-06
2.87654934279027e-06
2.98773314360368e-06
3.10146730000349e-06
3.21768001529623e-06
3.33651179277021e-06
3.45809081298205e-06
3.58238930459284e-06
3.71293602022753e-06
3.84622400676835e-06
3.97960600698361e-06
4.11645597885299e-06
4.2551200873726e-06
4.39506372490342e-06
4.53673476783803e-06
4.68091691670766e-06
4.82816720673813e-06
4.97860241796034e-06
5.13203286904922e-06
5.2882358790759e-06
5.44713431956605e-06
5.60879611164035e-06
5.77332794964226e-06
6.00073373667293e-06
6.26093232281652e-06
6.52384544162318e-06
6.79432628999939e-06
7.07313329459269e-06
7.35820558156881e-06
7.64877713562782e-06
7.94592836840465e-06
8.25041814621184e-06
8.56179629585058e-06
8.87964627781164e-06
9.21619925724519e-06
9.55102289414854e-06
9.88352670724133e-06
1.02280801682837e-05
1.05865416423585e-05
1.09559774585043e-05
1.13127288240651e-05
1.16840751146439e-05
1.2054933601147e-05
1.24406074633708e-05
1.28425955066331e-05
1.32295604947197e-05
1.36325669095429e-05
1.4054031461407e-05
1.44814411277019e-05
1.4894375158483e-05
1.53240355733679e-05
1.57738571743273e-05
1.62316784434459e-05
1.68283416442181e-05
1.75222420923381e-05
1.82425276583735e-05
1.89892666291983e-05
1.97506415927282e-05
2.05240904379786e-05
2.13145732886882e-05
2.21250167018098e-05
2.29539154995909e-05
2.37995218659716e-05
2.46620992856223e-05
2.55426486194781e-05
2.64414518755852e-05
2.73582142449872e-05
2.82927959189118e-05
2.92453774810546e-05
3.02161757326743e-05
3.12052710966782e-05
3.22126788683027e-05
3.32384831678175e-05
3.42827689540432e-05
3.53456171988821e-05
3.64270989061686e-05
3.75272848247673e-05
3.86462510698487e-05
3.97840760888888e-05
4.09408365634101e-05
4.21166068852573e-05
4.33114606973852e-05
4.45254718114685e-05
4.62975836820934e-05
4.81950034111372e-05
5.01388111091144e-05
5.21319090418314e-05
5.41685013176336e-05
5.62457281747903e-05
5.83649400016785e-05
6.0528741330884e-05
6.27387751108302e-05
6.49954195662732e-05
6.72984729939062e-05
6.96477802354228e-05
7.20434330783326e-05
7.44856846557457e-05
7.69748141410707e-05
7.95110595394599e-05
8.20946181407106e-05
8.45326520452958e-05
8.72505391376428e-05
9.00052354289401e-05
9.26065950602864e-05
9.54934545796493e-05
9.82013945753598e-05
0.000101015367588299
