0.143883681671284
0.143076408619222
0.143626899159608
0.143130278549778
0.142519068401645
0.141963973815289
0.141686820225346
0.141744963472279
0.142157998608469
0.14292734320238
0.142821862150182
0.142638642243302
0.14253922237381
0.142749873829486
0.143285019609262
0.144134060155035
0.144641571209629
0.144524970562897
0.144476505846195
0.144701179045331
0.145220051261899
0.146024468051948
0.146517273993565
0.146655591613267
0.146769624441447
0.146976417372087
0.147457417273838
0.148198414345581
0.148264353289041
0.148288134164241
0.14838455002293
0.148353506005601
0.148647595816347
0.149283397482031
0.150281070088925
0.151648510202177
0.151732245858665
0.151748354015716
0.151872327774325
0.152372089188155
0.153255752249576
0.154508072528693
0.154554737418098
0.154596159474518
0.154765245332719
0.155296238664564
0.156174942725313
0.156247914384912
0.156268306567539
0.156385692083314
0.156819409763525
0.157560567878829
0.158585736615505
0.158706343154876
0.158799007693798
0.158985750419177
0.159463109405484
0.160222822178982
0.160296212314998
0.160353296033312
0.160507612441017
0.16138262830934
0.161519497062503
0.161628139976429
0.16200126294747
0.162772421799119
0.164072504843694
0.164230642455413
0.164295650422383
0.164476337125112
0.165066364032999
0.166064795589079
0.166750609110389
0.166738529917114
0.166834547202201
0.167303506526575
0.168146415254163
0.1687456795742
0.168820073886125
0.168946017080486
0.169372253261635
0.170130128334912
0.170678695184011
0.17076446210725
0.170904850268261
0.17132785167852
0.172052630214011
0.17227762498202
0.172418339693139
0.172630387999616
0.173119669470476
0.173626541222325
0.175034494687516
0.175249506274712
0.17539899153262
0.175713106956251
0.176640218356818
0.177960603828726
0.178143754329804
0.178293635349297
0.178603379073244
0.179379983549844
0.180597126207523
0.180768084159294
0.180939091975806
0.181270247327123
0.182035930230292
0.182216364034493
0.182320322103597
0.182541698078428
0.183143386955966
0.184101496465373
0.184297379351407
0.18448610743488
0.184806529268157
0.185483957711563
0.18601565466261
0.186136692293064
0.18632847168933
0.186817072202998
0.187602465055674
0.187459075507151
0.18836799276642
0.190005132118953
0.190255701784679
0.190501262224219
0.191077961500654
0.19212019666707
0.192248634208489
0.192380241290359
0.192825325689554
0.193690129897359
0.194361466489024
0.194483791116342
0.194708246375096
0.195352039595592
0.196420845132951
0.19665516863802
0.196902119281988
0.197319896931245
0.198176069087929
0.198467162260938
0.19869883931949
0.199053364416091
0.199787502672377
0.200067026836289
0.200294206355629
0.200638218222783
0.201331513189759
0.202333297695397
0.202691364348563
0.201830602265378
0.202291725783434
0.203760106332774
0.204196847217399
0.204648186593825
0.205477536268871
0.206785753452923
0.207111978626993
0.207435201366003
0.208085162160103
0.209174381728872
0.209438046943889
0.209717214613715
0.210316175438339
0.211319496754474
0.211663540366811
0.211950563794128
0.212394461277865
0.213300744183755
0.213650566752232
0.213959828799502
0.214417653622927
0.215300139135735
0.215650908282241
0.215966639945021
0.216421275624822
0.217270586657511
0.217611583213165
0.217927624384242
0.218377860787955
0.218343463377379
0.219276553445936
0.220922902222965
0.221285455981543
0.221682115508644
0.222511436042049
0.223882583176451
0.224176356420666
0.224547171625525
0.225355713010571
0.225587849190658
0.225801682910076
0.226361818682918
0.227376416764045
0.227773255214171
0.228135180232333
0.22868328863923
0.22974333300677
0.230175918077517
0.230585874863459
0.231169531098395
0.231531734645675
0.231815729738476
0.232247775529459
0.233123938336304
0.2335487692259
0.23395023728895
0.234498017763578
0.235444731983522
0.235861281235878
0.23517187530046
0.235940362377408
0.237781963997358
0.238365579492433
0.239052974078357
0.240274402141524
0.240713085181296
0.241133735538182
0.241961448958643
0.242730897631438
0.243188080357862
0.243762903419123
0.244832487646152
0.245259563657226
0.245686856595432
0.246345123916804
0.246791841819018
0.247174905860162
0.247744363704108
0.248836434802414
0.249348254681626
0.249852994118878
0.250543837791838
0.250997008450763
0.251385994324279
0.251937722572793
0.252956903152379
0.253434967581416
0.253929378515428
0.254603015192316
0.254757998392179
0.256091366445887
0.256590140942279
0.257128363076743
0.258213915977954
0.258660857186062
0.259132577515115
0.260089505934938
0.26100836731197
0.261410179300368
0.262028347648881
0.263307977553932
0.263889215436314
0.264499913025605
0.265525485387589
0.26593648783633
0.266397287131942
0.267286636223218
0.267689420224055
0.268140810491351
0.268849535667162
0.269380617989057
0.269886451450147
0.270583378508211
0.271099066104322
0.271575596784464
0.272229713342502
0.272743214454333
0.273225335869153
0.273873065547682
0.274767793761363
0.275403064336492
0.276040367869522
0.277236351015386
0.277820616507401
0.278442399993727
0.279598486857341
0.280187186266102
0.280803509287719
0.281903768649703
0.28247627371055
0.283078327479962
0.284134771201532
0.284695781122877
0.285289386771278
0.286312443008481
0.286861000766737
0.287446279867189
0.2882985389003
0.288951854158433
0.289579647899897
0.290420455300489
0.291036278524416
0.291628664595977
0.292432742917508
0.293027017262558
0.29361609627156
0.294415083050352
0.295002163975175
0.295589056006024
0.295514574884215
0.296123768160458
0.297570032928261
0.298408064348011
0.29928161758566
0.300712796046895
0.301413052870042
0.302181289256898
0.303534569359221
0.304180320827
0.304928418639125
0.305406069482306
0.305874778707381
0.306843496068227
0.307538558868279
0.308197518756961
0.309129761103702
0.309862164242316
0.310608621972244
0.311619569744606
0.31236420928792
0.313111124541781
0.313572415296922
0.31401220037166
0.314729311106827
0.315390320556175
0.316115574677479
0.317075013298728
0.317801316918524
0.318506357816943
0.318278222861758
0.319622717710222
0.320448667482092
0.321460500216133
0.323261486634434
0.324180876569
0.325218049557874
0.325708643589683
0.326348449216849
0.327700065615999
0.328435632023601
0.329305806900099
0.329897969087779
0.330505486201423
0.331658347542213
0.332457786323356
0.333249769694585
0.333770923116146
0.334315426169466
0.335381197146718
0.336162784433683
0.336942028156587
0.337490686687204
0.338055835368423
0.338925666442992
0.339706138488849
0.340553374728076
0.341174846309436
0.34177040930052
0.342608794441067
0.343921408531276
0.344922265605526
0.346095080978653
0.346716223418059
0.347541800825654
0.348659047666039
0.349632984650433
0.350811385982643
0.351636827506181
0.352523744913915
0.353151312992103
0.353853757270129
0.355222319463458
0.356054162384544
0.357045213564933
0.35776645022718
0.35853573203013
0.359147107589866
0.359836774237512
0.361083219904549
0.361990123499278
0.362887391298309
0.363494272609985
0.364144677328248
0.364737465666456
0.365441533572755
0.366474709554571
0.367368264230072
0.368312792233973
0.368976299794806
0.36864089114656
0.370171526951044
0.371373534172422
0.372835349334271
0.373921818031672
0.375110914030025
0.37595444451535
0.376896293686958
0.377672884430778
0.378586716577024
0.380254403706821
0.381265238866293
0.382463817085682
0.383317699442922
0.384260698819715
0.384944782357692
0.38576230934166
0.386463135290624
0.38731553570738
0.388093699312083
0.388968656613203
0.390199650921873
0.391219668491687
0.392325870312473
0.393096110791764
0.393917953006517
0.394527705136495
0.395271535994832
0.395924198182697
0.396726102151486
0.397050377901851
0.398384629258167
0.399498952749087
0.400774732663638
0.401793306006487
0.402929127190667
0.403887704356229
0.40497811682315
0.405958446936695
0.407051301072257
0.40835312270666
0.409535140949137
0.410944745307916
0.412011431098145
0.41322104115707
0.414101073896023
0.41514508063304
0.415946475355416
0.416949643822767
0.417760892095949
0.418769778779715
0.419590147651597
0.420583827038715
0.421388104527399
0.422351613469733
0.423137424432931
0.424078690627239
0.424855236001215
0.425783077505112
0.426552911937426
0.42636732612182
0.427463871842811
0.428801270573657
0.430254853779301
0.431468707066277
0.432764248035164
0.433870643188371
0.435117066848502
0.436218568792012
0.437474729072056
0.438561254777231
0.439791534576538
0.44083800908651
0.442035966639172
0.443053407046941
0.444235460734634
0.445233822663098
0.446403709602458
0.447381279310042
0.44853622343815
0.449491878967335
0.450632768457731
0.451568778273169
0.45216035278424
0.452837258637607
0.45371525705405
0.454824952315855
0.455828072147794
0.456868355488004
0.457714959303544
0.458664694870322
0.459715619567614
0.460769458942644
0.462119721901376
0.463413498185945
0.464931026559557
0.466203377444019
0.467658204496493
0.468844691445986
0.470270947619918
0.47144105628035
0.472173476611989
0.473022328913392
0.474061962529779
0.475432174804549
0.476680353913484
0.47805520450722
0.479149144348507
0.48039975179475
0.481426940919723
0.482111518699853
0.482926159909612
0.483874244806579
0.485118616267315
0.486252183140027
0.487520804909737
0.488539302441248
0.489170655775074
0.489894652778343
0.490776333718634
0.491502291868481
0.492843988159273
0.49419531949853
0.495899030847989
0.497399600332325
0.499180585314519
0.500614388266909
0.501400650232773
0.502553473835657
0.503792835535857
0.505416826615848
0.506816598939539
0.507689111371507
0.508647284999373
0.509695681227889
0.511145366362854
0.51249063607896
0.513417940641791
0.514412706706951
0.515446653734941
0.516811219345752
0.518067008848744
0.518951006756617
0.51991374631411
0.520908871467062
0.522214065276899
0.5234123942291
0.52426598820802
0.52520368028258
0.52614709436028
0.526436193321547
0.528191217262198
0.529852931657976
0.531109541620163
0.532520414734473
0.533936970131798
0.535785428148555
0.537422665949813
0.538519313760058
0.539769117321306
0.540995562763704
0.542104700260651
0.543458175514602
0.54479183735542
0.546466230970728
0.547915268037949
0.54889180495414
0.550036761863276
0.551146443451314
0.552131848587019
0.553382946048298
0.554601327373623
0.555589792079087
0.556740457871258
0.557869591503056
0.558841340777841
0.559974307330156
0.561095778126831
0.562053606552734
0.563140773549014
0.56390631672866
0.565230612773557
0.566979342195376
0.568704692762173
0.570047637295712
0.571596164660529
0.5730995021683
0.574363215534938
0.575888723671953
0.577382308179507
0.578610603603976
0.580071255581162
0.581492910510659
0.582672640431158
0.584094398200015
0.585473959314761
0.586613957264049
0.587998716343612
0.589332571758923
0.59043158202655
0.591785201661732
0.593079599336418
0.594141666362728
0.595469180237314
0.596730301252563
0.597755820197399
0.598566849063345
0.599638121279324
0.600832356217331
0.601939529198392
0.602631188283379
0.604063097133093
0.605634371633784
0.608001702270584
0.609895500664954
0.611124752267402
0.611978538454708
0.613311416862712
0.614970648676242
0.616561681183489
0.618436847671272
0.620080984467242
0.62127037456319
0.622147750112416
0.623415105149343
0.624904452747545
0.626304533361375
0.627988876096584
0.62949538027523
0.630625307321205
0.631459714397737
0.632658745743992
0.634015226972389
0.635281315502143
0.636304712581035
0.637550623155706
0.638835788095108
0.639976080937636
0.640929653418839
0.642114057200236
0.642843273104438
0.64519377158159
0.647261757383114
0.648782651485597
0.649832708658018
0.651478836086569
0.653271295545566
0.654877827000795
0.656121490472155
0.657205403037653
0.658750054198534
0.660452963867306
0.661948267236392
0.663095906572135
0.664566812999039
0.666124716672507
0.66751469338252
0.668636790052197
0.670110881177294
0.671626273962319
0.672944218373506
0.673988925592828
0.674982369049084
0.676352795370983
0.677819909732165
0.679090644533536
0.680077066584237
0.681358295362927
0.682705716727776
0.68391909600608
0.6839469592559
0.685548804442475
0.687450988408042
0.689326594845702
0.691660430213656
0.693772417255918
0.695345416875239
0.696436452295101
0.697478157042361
0.699469504218355
0.701258865164933
0.702689111156038
0.703812955840754
0.704908283740247
0.706628125418734
0.708443325172811
0.70997987322081
0.711112918530644
0.712042995671963
0.713178255015135
0.714824972801373
0.716487907587318
0.717827141986027
0.718804186730537
0.719703536870421
0.721122505536222
0.722671886240244
0.724032903284249
0.725078143837098
0.725938141924187
0.726389880957561
0.727738867213564
0.730300328711069
0.732585286822235
0.734376988081411
0.735712231725541
0.736859932191834
0.738164245242366
0.739758505731827
0.741914639714121
0.743938829194409
0.745473092491762
0.746550264209174
0.747509782093608
0.748731951756597
0.750671168322729
0.752624739876506
0.75416398497471
0.755237968083811
0.756090165910252
0.757059810572494
0.758305956511067
0.759647145129836
0.761313891001828
0.762866427526972
0.764093497800174
0.765037606603611
0.765921334058372
0.766958734377451
0.768152085136228
0.76969296119674
0.771512739475844
0.773337632730933
0.774938024896814
0.776296590913867
0.777577657870624
0.77897584791744
0.780526799107435
0.78274413276472
0.784876533176404
0.786536411407675
0.787714218960674
0.788668467528556
0.789708611937795
0.79097479023972
0.792364944906083
0.793687231054007
0.794921427531457
0.796598226402653
0.798304627677599
0.799743542692177
0.800858322757858
0.801805256068458
0.802796705147065
0.803929289163241
0.805134319400566
0.806291509010812
0.807390894127382
0.808888496963077
0.810399836881709
0.810445413164179
0.811950762711699
0.813638659181873
0.815387660658642
0.817003249584394
0.81849740601934
0.820709859828122
0.822942323807926
0.824765063213379
0.826103190646952
0.827149741657745
0.828172422887855
0.829333535797172
0.830625773708433
0.8319371781987
0.833183332724266
0.834375290085973
0.835577335655842
0.836816086897688
0.838055711115251
0.839829199082008
0.841511676974872
0.842981855792305
0.844116137609544
0.845017434942217
0.845871565982261
0.846806715538267
0.847838123145011
0.848900206691202
