5.3579046841534e-08
5.40313951704116e-08
5.47020255672608e-08
5.53927089068478e-08
5.61285743242685e-08
5.69772909331501e-08
5.76651546205303e-08
5.8346590533836e-08
5.91164238440639e-08
6.00144833066688e-08
6.10532994018227e-08
6.20591720044365e-08
6.29070058824508e-08
6.37931612767373e-08
6.48232270104167e-08
6.60013161554003e-08
6.69653125244287e-08
6.7909531417533e-08
6.89033252624114e-08
7.00489462088795e-08
7.10259794749894e-08
7.19857691058497e-08
7.29956163820947e-08
7.41524612225828e-08
7.5444952832363e-08
7.644192576342e-08
7.74500167015288e-08
7.8519892035856e-08
7.97438047039667e-08
8.0759893774932e-08
8.17671833699492e-08
8.30944098232835e-08
8.48663069463697e-08
8.66144845160319e-08
8.808862424749e-08
8.96350584751365e-08
9.14969522304842e-08
9.32480880007327e-08
9.473217552156e-08
9.6283767267365e-08
9.80870247869382e-08
9.98570586969882e-08
1.01370367624924e-07
1.02950183756056e-07
1.04773064695947e-07
1.06559666772617e-07
1.08100470082097e-07
1.09707181357978e-07
1.11550454768633e-07
1.13157531956672e-07
1.14747678599462e-07
1.16426129996607e-07
1.18348342938448e-07
1.20011832229983e-07
1.21650494081306e-07
1.23366468715001e-07
1.25309190316285e-07
1.26983523441099e-07
1.28640008727342e-07
1.30377039089975e-07
1.32341464547492e-07
1.34567863034852e-07
1.37501507511525e-07
1.39979873316242e-07
1.42431420710548e-07
1.45138565478079e-07
1.4821964304277e-07
1.5071786990659e-07
1.53245901026494e-07
1.56057172883994e-07
1.59226523142898e-07
1.617420422432e-07
1.64307052344292e-07
1.67170232566065e-07
1.69667656593763e-07
1.72158110486825e-07
1.74814187361346e-07
1.77898655824994e-07
1.80570052990478e-07
1.83218373815782e-07
1.86005881190722e-07
1.89182188724607e-07
1.91875720095919e-07
1.94565480803264e-07
1.97406547978029e-07
2.0007036506854e-07
2.02681858060897e-07
2.05428559940316e-07
2.08564923572687e-07
2.11306777793711e-07
2.14050162108229e-07
2.17801682575411e-07
2.22631484108891e-07
2.26709651722754e-07
2.30811019570393e-07
2.35396744203318e-07
2.3944623388137e-07
2.43464948224931e-07
2.47893994540975e-07
2.52903244791501e-07
2.57140779008457e-07
2.61373218000598e-07
2.66020442217465e-07
2.70103077319818e-07
2.74206151502373e-07
2.78751366467766e-07
2.83849192048892e-07
2.88170851237328e-07
2.92506583481949e-07
2.97111967463558e-07
3.01422383876931e-07
3.05676677762337e-07
3.10171195657932e-07
3.14479554698283e-07
3.18759953137261e-07
3.23281702143234e-07
3.28430154861609e-07
3.32917361482474e-07
3.37416427060931e-07
3.42155814088617e-07
3.46609640348757e-07
3.52740287501524e-07
3.5974046851887e-07
3.66571434351368e-07
3.73650506519652e-07
3.81744093510606e-07
3.88355347247257e-07
3.95195927393598e-07
4.02956987064203e-07
4.09602336533171e-07
4.16337918122832e-07
4.23869506620935e-07
4.30478444998058e-07
4.37197434594671e-07
4.44715222213897e-07
4.51443645235698e-07
4.58259272207342e-07
4.65813165649494e-07
4.72656430002926e-07
4.79561428206058e-07
4.86920074178691e-07
4.94041499649987e-07
5.01111532688192e-07
5.08536750998367e-07
5.16921959537346e-07
5.24200771324808e-07
5.31543377465587e-07
5.39313016871397e-07
5.46574138401058e-07
5.53810318272624e-07
5.61447817819226e-07
5.72667235062309e-07
5.83035942391361e-07
5.93923112269431e-07
6.06884458470869e-07
6.17388042404945e-07
6.2831794446808e-07
6.40841992036346e-07
6.51645795734529e-07
6.62701193456598e-07
6.73833376394077e-07
6.84711475423736e-07
6.95955769142083e-07
7.07512472148987e-07
7.1878072482372e-07
7.30346176858297e-07
7.4130508197578e-07
7.52214961003977e-07
7.63865236687869e-07
7.753390613338e-07
7.86891441413484e-07
7.99098689700926e-07
8.10810083388012e-07
8.22422111780848e-07
8.34619709416115e-07
8.46313214470909e-07
8.57992025083395e-07
8.7031405551381e-07
8.82129108299051e-07
8.93965056566762e-07
9.06447475578159e-07
9.22349433554965e-07
9.40501259811693e-07
9.61382739448566e-07
9.79391845596434e-07
9.97793878711373e-07
1.01440274215663e-06
1.03144457434323e-06
1.05085702885183e-06
1.06859056615418e-06
1.08669192584481e-06
1.10689512413675e-06
1.12488514560681e-06
1.14326292622535e-06
1.16189480799067e-06
1.18017672912385e-06
1.19903066827754e-06
1.21703537333223e-06
1.2351262964868e-06
1.25509803060302e-06
1.27387130534123e-06
1.29256279238319e-06
1.31237589002746e-06
1.33130769068036e-06
1.35049163034202e-06
1.36865694174212e-06
1.38685724305876e-06
1.40630241164327e-06
1.42541029183893e-06
1.44486731906419e-06
1.46547506399155e-06
1.49282574269769e-06
1.51978846938292e-06
1.54769496649992e-06
1.57969542728601e-06
1.60865956491175e-06
1.6382848074994e-06
1.66836570189942e-06
1.69781375780512e-06
1.72826702170374e-06
1.75711944947129e-06
1.78621758254223e-06
1.81868794399061e-06
1.84795177366606e-06
1.87821006835819e-06
1.90708317813649e-06
1.93627037188653e-06
1.96876552851243e-06
1.99839118480774e-06
2.02898133670554e-06
2.05831555380662e-06
2.08797771713275e-06
2.11975169065823e-06
2.15056397507156e-06
2.18200990588138e-06
2.21184196501688e-06
2.24180591567925e-06
2.27376653090275e-06
2.30482719400136e-06
2.33661750315139e-06
2.36689013107919e-06
2.40612852944067e-06
2.45222082207814e-06
2.50188421094279e-06
2.55043857497984e-06
2.60058964393199e-06
2.6465432405974e-06
2.69418093001971e-06
2.74022163250003e-06
2.78702306602121e-06
2.83947547148573e-06
2.88710598431218e-06
2.93635954104139e-06
2.98330754870694e-06
3.03094029569374e-06
3.07715505055259e-06
3.12432799273842e-06
3.17711904388753e-06
3.22690136424786e-06
3.27692871646406e-06
3.32418094234108e-06
3.37204289788041e-06
3.41911018930643e-06
3.46750863689299e-06
3.52144320658409e-06
3.57231927816137e-06
3.62329117553137e-06
3.67140884423093e-06
3.72014604870694e-06
3.76799143720992e-06
3.81727266072425e-06
3.89154139977433e-06
3.96490280448287e-06
4.04157365507226e-06
4.11612826620533e-06
4.19226425292838e-06
4.26651523131613e-06
4.3420523026025e-06
4.42664362827477e-06
4.50395033880384e-06
4.58397564438078e-06
4.66026228981378e-06
4.7380237056059e-06
4.81293270197282e-06
4.88981095466249e-06
4.96554483193307e-06
5.04346952253969e-06
5.12072530601081e-06
5.19946240729646e-06
5.28606953389605e-06
5.36746735150136e-06
5.44922293449254e-06
5.5263849643456e-06
5.60509411920103e-06
5.68176300289032e-06
5.76120097232818e-06
5.83963384855032e-06
5.92049824760169e-06
5.99986808180862e-06
6.08085075876177e-06
6.16026569275824e-06
6.26444437704265e-06
6.39619963643059e-06
6.52154817154373e-06
6.65139007065828e-06
6.77466661755509e-06
6.90172520168121e-06
7.02287627592708e-06
7.14825153463591e-06
7.26912668233809e-06
7.394731963511e-06
7.51664070551907e-06
7.64316274640011e-06
7.76610242472035e-06
7.8932546753059e-06
8.01686603100851e-06
8.1444441218201e-06
8.26869410360845e-06
8.39682208713194e-06
8.52183323588215e-06
8.65063125411371e-06
8.77640877429528e-06
8.90585702046451e-06
9.03232544050741e-06
9.16238187069193e-06
9.28949798481379e-06
9.42016564928247e-06
9.5479176635592e-06
9.67920828619087e-06
9.8075763716001e-06
9.93948540653228e-06
1.01145278873521e-05
1.03185919089547e-05
1.05165650065845e-05
1.07221526284256e-05
1.09197132312175e-05
1.11243504794084e-05
1.13211202328539e-05
1.15126533056988e-05
1.1702664117358e-05
1.19039326879239e-05
1.21057371411269e-05
1.230004427729e-05
1.24982148785115e-05
1.26977612305134e-05
1.29046051856961e-05
1.31089600580264e-05
1.33177008356758e-05
1.3521016785191e-05
1.37289188728273e-05
1.39322884641243e-05
1.41418707640907e-05
1.43470527394078e-05
1.45589416406562e-05
1.47654773835164e-05
1.4961599800242e-05
1.51608905787828e-05
1.53669700602037e-05
1.55815071061931e-05
1.57932484831789e-05
1.60074151956099e-05
1.62885033513396e-05
1.66152697553692e-05
1.69351778835034e-05
1.72694628086997e-05
1.759216198204e-05
1.78895094231319e-05
1.82008239968471e-05
1.85180341552229e-05
1.88503816289112e-05
1.91764668174271e-05
1.95115902548962e-05
1.98354059780713e-05
2.0139982709583e-05
2.04503028449538e-05
2.07721186334038e-05
2.11105126356571e-05
2.14449245865747e-05
2.17861188108471e-05
2.21155914124613e-05
2.2453769911445e-05
2.27828689958666e-05
2.30970739397401e-05
2.34190094130094e-05
2.37463986073174e-05
2.40903072717368e-05
2.44303901412203e-05
2.47532603412771e-05
2.50791117984948e-05
2.54111055090133e-05
2.57572413252195e-05
2.62239492225836e-05
2.67622724558668e-05
2.72833908787875e-05
2.77649691178019e-05
2.82709510944331e-05
2.87813454278636e-05
2.93200586017125e-05
2.98469670714856e-05
3.03377326475838e-05
3.0850340212565e-05
3.13663184869601e-05
3.19081258881413e-05
3.24388800977381e-05
3.29404719664617e-05
3.34513611159204e-05
3.39659588833997e-05
3.45101238802275e-05
3.50490961600485e-05
3.55631931567419e-05
3.60865668366919e-05
3.66093712623783e-05
3.71593027692367e-05
3.77030444398701e-05
3.82227211128223e-05
3.87534209835909e-05
3.92823358877608e-05
3.98042071526084e-05
4.03418897692206e-05
4.08817962026062e-05
4.1443162145312e-05
4.2195561955539e-05
4.29755871155665e-05
4.38378567797048e-05
4.46701984158908e-05
4.54468192291899e-05
4.62634151355704e-05
4.70913119271614e-05
4.79660696452327e-05
4.88216710265512e-05
4.96152706285881e-05
5.04497563783706e-05
5.12839338449966e-05
5.20960085382623e-05
5.29358294293244e-05
5.37733624654947e-05
5.45917922757911e-05
5.54363201689131e-05
5.62819400593548e-05
5.71105994960246e-05
5.79617426343304e-05
5.88137974602531e-05
5.96491136598572e-05
6.05045854693612e-05
6.1362314120077e-05
6.2204951846751e-05
6.30661265408023e-05
6.392948821172e-05
6.47777917471888e-05
6.56435420944681e-05
6.65119677809404e-05
6.7739458068334e-05
6.9008894471241e-05
7.03079041022129e-05
7.17083509514014e-05
7.3053861488321e-05
7.43032204279725e-05
7.56564376375613e-05
7.69839496781129e-05
7.82670899715422e-05
7.96062156020148e-05
8.09475823038269e-05
8.22602520820571e-05
8.35411824944658e-05
8.48681156254644e-05
8.62215393475383e-05
8.75634394963873e-05
8.89392241436343e-05
9.0303941126552e-05
9.16285638030995e-05
9.2992890485354e-05
9.43614227995345e-05
9.57065028230461e-05
9.70991655417914e-05
9.84848081362993e-05
9.9833292035079e-05
0.00010114834280634
0.00010251114037504
0.000103901275246929
0.000105281126581887
0.000106698338306746
0.000108558776944706
0.000110731287791274
0.000112879548694483
0.000114949374427175
0.000116942971953337
0.000119032940895046
0.000121166228033454
0.000123280949053115
0.000125341318995761
0.000127467060082296
0.000129617666696965
0.000131738089539108
0.000133936836559293
0.000136119585835804
0.000138235238636216
0.000140289307772955
0.000142434759433606
0.000144619710084719
0.000146784099390737
0.000148894451844263
0.0001510727629703
0.000153271244707057
0.000155439187649902
0.000157561385416624
0.000159753813088808
0.000161971663625639
0.000164160200447355
0.000166300422422997
0.000168506941528878
0.000170738817229282
0.000173820337278687
0.000177047302327824
0.000180397092854337
0.000183749245263579
0.000187203794067426
0.000190622435611165
0.000193925426440492
0.000197142890405608
0.00020052419181679
0.00020397282740817
0.000207380221200483
0.000210688872162633
0.000214136192498867
0.00021760605789426
0.000221015831754432
0.000224336330841878
0.000227638728954962
0.000231107038246861
0.000234628012562579
0.000238088021680592
0.000241443918894683
0.00024493662767722
0.000248461013433294
0.00025193530890689
0.000255325887277032
0.000258684129092369
0.000262211194974735
0.000265785920119889
0.000269304697732602
0.000272724028228202
0.000277350286471308
0.000282540076658157
0.000287989436385932
0.000293499243323472
0.000298891360299801
0.000304093671970979
0.000309209680233207
0.000314749385138263
0.000320227301951345
0.000325570419280255
0.000330786277014393
0.000335980512144341
0.000341300606189638
0.000346898134046759
0.000352500519005375
0.000357927864580685
0.000363167784878014
0.000368385352927712
0.000373935026808008
0.000379581151114985
0.000385130041169601
0.000390499696320747
0.000395763319229787
0.000401097866025073
0.000406755108620315
0.000412466951137336
0.000418042497089002
0.000423431286051378
0.000428736020522536
0.000434132250499788
0.000442377427404679
0.00045077786687029
0.000459151880010922
0.000467385740599732
0.000475515178448341
0.00048369801288954
0.000492051301578893
0.000500818776202288
0.000509588818114608
0.000518098981430651
0.000526326569809634
0.000534469367531351
0.000542785880528305
0.00055132885003288
0.000560261144251757
0.000569125800421038
0.000577689781482172
0.000585978381815473
0.000594209314677347
0.00060261458508471
0.000611223162596998
0.000619841863138421
0.000628725904201653
0.000637586236480409
0.000646245226461069
0.000654706734945629
0.000663124304197365
0.000671664215182627
0.000680346138692381
0.000689043686236737
0.000701364670577342
0.000714159482456655
0.000727430005908984
0.000740741811960374
0.000753796264552979
0.000767513970741768
0.000781314168818156
0.000794810545923906
0.000807901906133844
0.000820748452711032
0.000833622306683861
0.000846707917315241
0.000859986421522888
0.000873300807034628
0.000886562552251138
0.000900487441402051
0.000914471831510357
0.000928129385747856
0.000941390134443083
0.000954437313918556
0.000967530392159361
0.000980819262145272
0.0009942700497098
0.00100774628391907
0.00102117350403181
0.00103461026340488
0.00104813483513009
0.00106223889436501
0.00107636135267493
0.00109016107892427
0.00110730775763875
0.00112891007939354
0.0011506220838295
0.00117190219772648
0.00119255533681465
0.00121274990292403
0.00123282630716396
0.00125306143116416
0.00127353701311115
0.00129415455129015
0.00131477907659828
0.00133536617608703
0.00135597247819626
0.0013766663126448
0.00139744649334608
0.00141826256983268
0.00143909690132401
0.0014609746351826
0.00148291746593115
0.0015043385758794
0.00152515432054539
0.00154564185511071
0.00156615208155404
0.00158688168364742
0.00160781738952609
0.00162882545107469
0.00164979920734265
0.0016707313988954
0.00169168227947076
0.00171270131900782
0.00174252305197088
0.00177377987572823
0.00180624794193356
0.00183874692136766
0.00187061244296209
0.00190209658034867
0.00193376151204866
0.00196580025523389
0.00199795347150105
0.00202998745026689
0.00206196881359021
0.00209406685815754
0.00212627758304801
0.00215848977376561
0.00219263949351562
0.00222468592124345
0.00225765142112344
0.00229107077715797
0.00232381309421114
0.00235650162722654
0.00238881803052241
0.00242083111799443
0.00245277439559501
0.00248483826824824
0.00251707996739856
0.00254944178357572
0.0025818401170697
0.00261423045934378
0.00264661845871412
0.00267903209901128
0.00272549623166884
0.00277422037240927
0.00282445372207814
0.002874719421844
0.00292421144889389
0.00297303581105108
0.00302169475181919
0.00307057451906102
0.00311974356593787
0.00316905879855198
0.00321836941320841
0.00326762867657638
0.0033168772842877
0.00336617130771982
0.0034155330758213
0.0034649503517971
0.00351440178065625
0.00356387699988351
0.00361337862164769
0.00366291320513
0.00371248348682983
0.00376208732256758
0.00381172090920135
0.00386138181730333
0.00391106995704681
0.00396078581902006
0.00401052911966463
0.00406029876234393
0.00411009350615149
0.00415991245302819
0.00423184702433819
0.00430704236613609
0.00438413035905138
0.00446099253654238
0.00453673020366532
0.0046116406583171
0.00468639559910195
0.00476141465742716
0.00483673080933354
0.0049121780600351
0.00498760907714686
0.00506298282086983
0.00513833500155667
0.00521371451136331
0.00528914550720653
0.00536462565700953
0.00544014206814087
0.00551568512858692
0.00559125263361027
0.00566684693749754
0.00574247077153288
0.00581812508717646
0.00589380974219737
0.0059695227540236
0.00604526220466919
0.00612102763002416
0.00619681918046422
0.00627263686702615
0.00634848031478774
0.00642434888672453
0.00651830429733205
0.00662977616934351
0.00674595039069813
0.00686243298655066
0.00697682019294273
0.00709014312145645
0.00720389390433158
0.00731825031605316
0.00743266228327259
0.00754682881410977
0.00766085372839584
0.00777491939199614
0.00788907567029767
0.00800327452964545
0.00811747292504431
0.00823166994272006
0.00834588442144503
0.0084601283536061
0.00857440159130882
0.00868869962970764
0.00880302016290438
0.00891736511832435
0.00903173420574762
0.00914612664762061
0.00926054324480691
0.00937498472542398
0.00948945108119983
0.00960394185120501
0.00971845651908024
0.00983299472041847
0.00998490975705479
0.0101549677978557
0.010330257314924
0.0105076580997626
0.010683357576373
0.0108568096853356
0.0110292468285746
0.011201709055599
0.0113744601551625
0.0115473349025358
0.0117201586573385
0.0118928904578954
