2.66268649967062e-07
2.70706460799847e-07
2.75144271632631e-07
2.79582082465415e-07
2.840198932982e-07
2.88457704130984e-07
2.92895514963769e-07
2.97333325796553e-07
3.01771136629337e-07
3.06208947462122e-07
3.10646758294906e-07
3.1508456912769e-07
3.19522379960475e-07
3.23960190793259e-07
3.28398001626044e-07
3.32835812458828e-07
3.37273623291612e-07
3.41711434124397e-07
3.46149244957181e-07
3.50587055789965e-07
3.5502486662275e-07
3.59462677455534e-07
3.63900488288319e-07
3.68338299121103e-07
3.72776109953887e-07
3.77213920786672e-07
3.81651731619456e-07
3.8608954245224e-07
3.90527353285025e-07
3.94965164117809e-07
3.99402974950594e-07
4.0605969119977e-07
4.12716407448947e-07
4.19373123698123e-07
4.260298399473e-07
4.32686556196476e-07
4.39343272445653e-07
4.45999988694829e-07
4.52656704944006e-07
4.59313421193183e-07
4.65970137442359e-07
4.72626853691536e-07
4.79283569940712e-07
4.85940286189889e-07
4.92597002439065e-07
4.99253718688242e-07
5.05910434937419e-07
5.12567151186595e-07
5.19223867435772e-07
5.25880583684948e-07
5.32537299934125e-07
5.39194016183301e-07
5.45850732432478e-07
5.52507448681654e-07
5.59164164930831e-07
5.65820881180008e-07
5.72477597429184e-07
5.79134313678361e-07
5.85791029927537e-07
5.92447746176714e-07
5.9910446242589e-07
6.09089536799655e-07
6.1907461117342e-07
6.29059685547185e-07
6.3904475992095e-07
6.49029834294714e-07
6.59014908668479e-07
6.68999983042244e-07
6.78985057416009e-07
6.88970131789774e-07
6.98955206163539e-07
7.08940280537303e-07
7.18925354911068e-07
7.28910429284833e-07
7.38895503658598e-07
7.48880578032363e-07
7.58865652406128e-07
7.68850726779893e-07
7.78835801153657e-07
7.88820875527422e-07
7.98805949901187e-07
8.08791024274952e-07
8.18776098648717e-07
8.28761173022482e-07
8.38746247396246e-07
8.48731321770011e-07
8.58716396143776e-07
8.68701470517541e-07
8.78686544891306e-07
8.88671619265071e-07
8.98656693638835e-07
9.13634305199483e-07
9.2861191676013e-07
9.43589528320777e-07
9.58567139881424e-07
9.73544751442072e-07
9.88522363002719e-07
1.00349997456337e-06
1.01847758612401e-06
1.03345519768466e-06
1.04843280924531e-06
1.06341042080596e-06
1.0783880323666e-06
1.09336564392725e-06
1.1083432554879e-06
1.12332086704854e-06
1.13829847860919e-06
1.15327609016984e-06
1.16825370173049e-06
1.18323131329113e-06
1.19820892485178e-06
1.21318653641243e-06
1.22816414797307e-06
1.24314175953372e-06
1.25811937109437e-06
1.27309698265502e-06
1.28807459421566e-06
1.30305220577631e-06
1.31802981733696e-06
1.33300742889761e-06
1.34798504045825e-06
1.37045145779922e-06
1.39291787514019e-06
1.41538429248117e-06
1.43785070982214e-06
1.46031712716311e-06
1.48278354450408e-06
1.50524996184505e-06
1.52771637918602e-06
1.55018279652699e-06
1.57264921386796e-06
1.59511563120893e-06
1.6175820485499e-06
1.64004846589087e-06
1.66251488323185e-06
1.68498130057282e-06
1.70744771791379e-06
1.72991413525476e-06
1.75238055259573e-06
1.7748469699367e-06
1.79731338727767e-06
1.81977980461864e-06
1.84224622195961e-06
1.86471263930058e-06
1.88717905664155e-06
1.90964547398252e-06
1.9321118913235e-06
1.95457830866447e-06
1.97704472600544e-06
1.99951114334641e-06
2.02197756068738e-06
2.05567718669884e-06
2.08937681271029e-06
2.12307643872175e-06
2.1567760647332e-06
2.19047569074466e-06
2.22417531675612e-06
2.25787494276757e-06
2.29157456877903e-06
2.32527419479049e-06
2.35897382080194e-06
2.3926734468134e-06
2.42637307282486e-06
2.46007269883631e-06
2.49377232484777e-06
2.52747195085922e-06
2.56117157687068e-06
2.59487120288214e-06
2.62857082889359e-06
2.66227045490505e-06
2.69597008091651e-06
2.72966970692796e-06
2.76336933293942e-06
2.79706895895087e-06
2.83076858496233e-06
2.86446821097379e-06
2.89816783698524e-06
2.9318674629967e-06
2.96556708900816e-06
2.99926671501961e-06
3.03296634103107e-06
3.08351578004825e-06
3.13406521906544e-06
3.18461465808262e-06
3.23516409709981e-06
3.28571353611699e-06
3.33626297513418e-06
3.38681241415136e-06
3.43736185316854e-06
3.48791129218573e-06
3.53846073120291e-06
3.5890101702201e-06
3.63955960923728e-06
3.69010904825447e-06
3.74065848727165e-06
3.79120792628884e-06
3.84175736530602e-06
3.89230680432321e-06
3.94285624334039e-06
3.99340568235757e-06
4.04395512137476e-06
4.09450456039194e-06
4.14505399940913e-06
4.19560343842631e-06
4.2461528774435e-06
4.29670231646068e-06
4.34725175547787e-06
4.39780119449505e-06
4.44835063351223e-06
4.49890007252942e-06
4.5494495115466e-06
4.62527367007238e-06
4.70109782859816e-06
4.77692198712393e-06
4.85274614564971e-06
4.92857030417549e-06
5.00439446270126e-06
5.08021862122704e-06
5.15604277975282e-06
5.23186693827859e-06
5.30769109680437e-06
5.38351525533015e-06
5.45933941385592e-06
5.5351635723817e-06
5.61098773090748e-06
5.68681188943325e-06
5.76263604795903e-06
5.83846020648481e-06
5.91428436501058e-06
5.99010852353636e-06
6.06593268206214e-06
6.14175684058791e-06
6.21758099911369e-06
6.29340515763947e-06
6.36922931616525e-06
6.44505347469102e-06
6.5208776332168e-06
6.59670179174258e-06
6.67252595026835e-06
6.74835010879413e-06
6.82417426731991e-06
6.93791050510857e-06
7.05164674289724e-06
7.1653829806859e-06
7.27911921847457e-06
7.39285545626323e-06
7.5065916940519e-06
7.62032793184056e-06
7.73406416962923e-06
7.84780040741789e-06
7.96153664520656e-06
8.07527288299522e-06
8.18900912078389e-06
8.30274535857255e-06
8.41648159636122e-06
8.53021783414988e-06
8.64395407193855e-06
8.75769030972721e-06
8.87142654751588e-06
8.98516278530454e-06
9.09889902309321e-06
9.21263526088187e-06
9.32637149867054e-06
9.4401077364592e-06
9.55384397424787e-06
9.66758021203653e-06
9.7813164498252e-06
9.89505268761386e-06
1.00087889254025e-05
1.01225251631912e-05
1.02362614009799e-05
1.04068657576629e-05
1.05774701143459e-05
1.07480744710289e-05
1.09186788277118e-05
1.10892831843948e-05
1.12598875410778e-05
1.14304918977608e-05
1.16010962544438e-05
1.17717006111268e-05
1.19423049678098e-05
1.21129093244928e-05
1.22835136811758e-05
1.24541180378588e-05
1.26247223945418e-05
1.27953267512248e-05
1.29659311079078e-05
1.31365354645908e-05
1.33071398212738e-05
1.34777441779568e-05
1.36483485346398e-05
1.38189528913228e-05
1.39895572480058e-05
1.41601616046888e-05
1.43307659613718e-05
1.45013703180548e-05
1.46719746747378e-05
1.48425790314208e-05
1.50131833881038e-05
1.51837877447868e-05
1.53543921014698e-05
1.56102986364943e-05
1.58662051715188e-05
1.61221117065433e-05
1.63780182415678e-05
1.66339247765923e-05
1.68898313116168e-05
1.71457378466413e-05
1.74016443816658e-05
1.76575509166903e-05
1.79134574517148e-05
1.81693639867392e-05
1.84252705217637e-05
1.86811770567882e-05
1.89370835918127e-05
1.91929901268372e-05
1.94488966618617e-05
1.97048031968862e-05
1.99607097319107e-05
2.02166162669352e-05
2.04725228019597e-05
2.07284293369842e-05
2.09843358720087e-05
2.12402424070332e-05
2.14961489420577e-05
2.17520554770822e-05
2.20079620121067e-05
2.22638685471312e-05
2.25197750821557e-05
2.27756816171802e-05
2.30315881522047e-05
2.34154479547414e-05
2.37993077572782e-05
2.41831675598149e-05
2.45670273623517e-05
2.49508871648884e-05
2.53347469674251e-05
2.57186067699619e-05
2.61024665724986e-05
2.64863263750354e-05
2.68701861775721e-05
2.72540459801089e-05
2.76379057826456e-05
2.80217655851824e-05
2.84056253877191e-05
2.87894851902558e-05
2.91733449927926e-05
2.95572047953293e-05
2.99410645978661e-05
3.03249244004028e-05
3.07087842029396e-05
3.10926440054763e-05
3.14765038080131e-05
3.18603636105498e-05
3.22442234130866e-05
3.26280832156233e-05
3.301194301816e-05
3.33958028206968e-05
3.37796626232335e-05
3.41635224257703e-05
3.4547382228307e-05
3.51231719321121e-05
3.56989616359173e-05
3.62747513397224e-05
3.68505410435275e-05
3.74263307473326e-05
3.80021204511377e-05
3.85779101549428e-05
3.9153699858748e-05
3.97294895625531e-05
4.03052792663582e-05
4.08810689701633e-05
4.14568586739684e-05
4.20326483777735e-05
4.26084380815787e-05
4.31842277853838e-05
4.37600174891889e-05
4.4335807192994e-05
4.49115968967991e-05
4.54873866006043e-05
4.60631763044094e-05
4.66389660082145e-05
4.72147557120196e-05
4.77905454158247e-05
4.83663351196298e-05
4.8942124823435e-05
4.95179145272401e-05
5.00937042310452e-05
5.06694939348503e-05
5.12452836386554e-05
5.18210733424605e-05
5.26847578981682e-05
5.35484424538759e-05
5.44121270095836e-05
5.52758115652912e-05
5.61394961209989e-05
5.70031806767066e-05
5.78668652324143e-05
5.87305497881219e-05
5.95942343438296e-05
6.04579188995373e-05
6.1321603455245e-05
6.21852880109526e-05
6.30489725666603e-05
6.3912657122368e-05
6.47763416780757e-05
6.56400262337833e-05
6.6503710789491e-05
6.73673953451987e-05
6.82310799009064e-05
6.9094764456614e-05
6.99584490123217e-05
7.08221335680294e-05
7.16858181237371e-05
7.25495026794447e-05
7.34131872351524e-05
7.42768717908601e-05
7.51405563465678e-05
7.60042409022754e-05
7.68679254579831e-05
7.77316100136908e-05
7.90271368472523e-05
8.03226636808138e-05
8.16181905143753e-05
8.29137173479369e-05
8.42092441814984e-05
8.55047710150599e-05
8.68002978486214e-05
8.80958246821829e-05
8.93913515157444e-05
9.06868783493059e-05
9.19824051828674e-05
9.3277932016429e-05
9.45734588499905e-05
9.5868985683552e-05
9.71645125171135e-05
9.8460039350675e-05
9.97555661842365e-05
0.000101051093017798
0.00010234661985136
0.000103642146684921
0.000104937673518483
0.000106233200352044
0.000107528727185606
0.000108824254019167
0.000110119780852729
0.00011141530768629
0.000112710834519852
0.000114006361353413
0.000115301888186975
0.000116597415020536
0.000118540705270878
0.000120483995521221
0.000122427285771563
0.000124370576021905
0.000126313866272248
0.00012825715652259
0.000130200446772932
0.000132143737023274
0.000134087027273617
0.000136030317523959
0.000137973607774301
0.000139916898024643
0.000141860188274986
0.000143803478525328
0.00014574676877567
0.000147690059026013
0.000149633349276355
0.000151576639526697
0.000153519929777039
0.000155463220027382
0.000157406510277724
0.000159349800528066
0.000161293090778408
0.000163236381028751
0.000165179671279093
0.000167122961529435
0.000169066251779777
0.00017100954203012
0.000172952832280462
0.000174896122530804
0.000177811057906318
0.000180725993281831
0.000183640928657345
0.000186555864032858
0.000189470799408371
0.000192385734783885
0.000195300670159398
0.000198215605534912
0.000201130540910425
0.000204045476285938
0.000206960411661452
0.000209875347036965
0.000212790282412479
0.000215705217787992
0.000218620153163505
0.000221535088539019
0.000224450023914532
0.000227364959290046
0.000230279894665559
0.000233194830041072
0.000236109765416586
0.000239024700792099
0.000241939636167613
0.000244854571543126
0.000247769506918639
0.000250684442294153
0.000253599377669666
0.00025651431304518
0.000259429248420693
0.000262344183796206
0.000266716586859477
0.000271088989922747
0.000275461392986017
0.000279833796049287
0.000284206199112557
0.000288578602175827
0.000292951005239097
0.000297323408302367
0.000301695811365637
0.000306068214428908
0.000310440617492178
0.000314813020555448
0.000319185423618718
0.000323557826681988
0.000327930229745258
0.000332302632808528
0.000336675035871798
0.000341047438935068
0.000345419841998338
0.000349792245061609
0.000354164648124879
0.000358537051188149
0.000362909454251419
0.000367281857314689
0.000371654260377959
0.000376026663441229
0.000380399066504499
0.000384771469567769
0.00038914387263104
0.00039351627569431
0.000400074880289215
0.00040663348488412
0.000413192089479025
0.00041975069407393
0.000426309298668835
0.000432867903263741
0.000439426507858646
0.000445985112453551
0.000452543717048456
0.000459102321643361
0.000465660926238266
0.000472219530833172
0.000478778135428077
0.000485336740022982
0.000491895344617887
0.000498453949212792
0.000505012553807697
0.000511571158402603
0.000518129762997508
0.000524688367592413
0.000531246972187318
0.000537805576782223
0.000544364181377128
0.000550922785972034
0.000557481390566939
0.000564039995161844
0.000570598599756749
0.000577157204351654
0.000583715808946559
0.000590274413541465
0.000600112320433822
0.00060995022732618
0.000619788134218538
0.000629626041110895
0.000639463948003253
0.000649301854895611
0.000659139761787969
0.000668977668680326
0.000678815575572684
0.000688653482465042
0.0006984913893574
0.000708329296249757
0.000718167203142115
0.000728005110034473
0.000737843016926831
0.000747680923819188
0.000757518830711546
0.000767356737603904
0.000777194644496262
0.000787032551388619
0.000796870458280977
0.000806708365173335
0.000816546272065693
0.00082638417895805
0.000836222085850408
0.000846059992742766
0.000855897899635124
0.000865735806527481
0.000875573713419839
0.000885411620312197
0.000900168480650733
0.00091492534098927
0.000929682201327807
0.000944439061666343
0.00095919592200488
0.000973952782343417
0.000988709642681953
0.00100346650302049
0.00101822336335903
0.00103298022369756
0.0010477370840361
0.00106249394437464
0.00107725080471317
0.00109200766505171
0.00110676452539025
0.00112152138572878
0.00113627824606732
0.00115103510640586
0.00116579196674439
0.00118054882708293
0.00119530568742147
0.00121006254776
0.00122481940809854
0.00123957626843708
0.00125433312877561
0.00126908998911415
0.00128384684945269
0.00129860370979122
0.00131336057012976
0.0013281174304683
0.0013502527209761
0.00137238801148391
0.00139452330199171
0.00141665859249952
0.00143879388300732
0.00146092917351512
0.00148306446402293
0.00150519975453073
0.00152733504503854
0.00154947033554634
0.00157160562605415
0.00159374091656195
0.00161587620706976
0.00163801149757756
0.00166014678808537
0.00168228207859317
0.00170441736910098
0.00172655265960878
0.00174868795011659
0.00177082324062439
0.0017929585311322
0.00181509382164
0.00183722911214781
0.00185936440265561
0.00188149969316342
0.00190363498367122
0.00192577027417903
0.00194790556468683
0.00197004085519464
0.00199217614570244
0.00202537908146415
0.00205858201722586
0.00209178495298757
0.00212498788874927
0.00215819082451098
0.00219139376027269
0.00222459669603439
0.0022577996317961
0.00229100256755781
0.00232420550331952
0.00235740843908122
0.00239061137484293
0.00242381431060464
0.00245701724636635
0.00249022018212805
0.00252342311788976
0.00255662605365147
0.00258982898941318
0.00262303192517488
0.00265623486093659
0.0026894377966983
0.00272264073246001
0.00275584366822171
0.00278904660398342
0.00282224953974513
0.00285545247550683
0.00288865541126854
0.00292185834703025
0.00295506128279196
0.00298826421855366
0.00303806862219623
0.00308787302583879
0.00313767742948135
0.00318748183312391
0.00323728623676647
0.00328709064040903
0.00333689504405159
0.00338669944769415
0.00343650385133671
0.00348630825497928
0.00353611265862184
0.0035859170622644
0.00363572146590696
0.00368552586954952
0.00373533027319208
0.00378513467683464
0.0038349390804772
0.00388474348411976
0.00393454788776233
0.00398435229140489
0.00403415669504745
0.00408396109869001
0.00413376550233257
0.00418356990597513
0.00423337430961769
0.00428317871326025
0.00433298311690281
0.00438278752054538
0.00443259192418794
0.0044823963278305
0.00455710293329434
0.00463180953875818
0.00470651614422202
0.00478122274968586
0.0048559293551497
0.00493063596061355
0.00500534256607739
0.00508004917154123
0.00515475577700507
0.00522946238246891
0.00530416898793275
0.0053788755933966
0.00545358219886044
0.00552828880432428
0.00560299540978812
0.00567770201525196
0.0057524086207158
0.00582711522617965
0.00590182183164349
0.00597652843710733
0.00605123504257117
0.00612594164803501
0.00620064825349885
0.00627535485896269
0.00635006146442654
0.00642476806989038
0.00649947467535422
0.00657418128081806
0.0066488878862819
0.00672359449174574
0.00683565439994151
0.00694771430813727
0.00705977421633303
0.00717183412452879
0.00728389403272456
0.00739595394092032
0.00750801384911608
0.00762007375731184
0.00773213366550761
0.00784419357370337
0.00795625348189913
0.00806831339009489
0.00818037329829066
0.00829243320648642
0.00840449311468218
0.00851655302287794
0.00862861293107371
0.00874067283926947
0.00885273274746523
0.00896479265566099
0.00907685256385675
0.00918891247205252
0.00930097238024828
0.00941303228844404
0.0095250921966398
0.00963715210483557
0.00974921201303133
0.00986127192122709
0.00997333182942285
0.0100853917376186
0.0102534815999123
0.0104215714622059
0.0105896613244995
0.0107577511867932
0.0109258410490868
0.0110939309113805
0.0112620207736741
0.0114301106359678
0.0115982004982614
0.0117662903605551
0.0119343802228487
0.0121024700851423
