1e-16
1.02260952774005e-16
1.05839272425516e-16
1.09531391231398e-16
1.13338309470024e-16
1.17550912935828e-16
1.21439356842709e-16
1.2525709897422e-16
1.2935763621553e-16
1.3391611054029e-16
1.39003010218346e-16
1.44088571533515e-16
1.48740406317404e-16
1.53510354677794e-16
1.58902973342576e-16
1.64945268206354e-16
1.70508999768903e-16
1.76026796257622e-16
1.81690832198632e-16
1.88079803785691e-16
1.94149265882424e-16
2.00154455384567e-16
2.06312645519295e-16
2.13235415140136e-16
2.2089312271994e-16
2.27447354195496e-16
2.34165458056426e-16
2.41180128795748e-16
2.49091228937015e-16
2.56371325111142e-16
2.63663515022012e-16
2.73522247623362e-16
2.86063230987637e-16
2.98825926708856e-16
3.1050311628207e-16
3.22606212056586e-16
3.36936689465999e-16
3.50984879959486e-16
3.63920614872455e-16
3.77284235675143e-16
3.92499837671854e-16
4.08017364104046e-16
4.22355424417952e-16
4.37137956565832e-16
4.53870429289721e-16
4.708863325131e-16
4.86676933872708e-16
5.02937463847477e-16
5.21256396529896e-16
5.38903844916004e-16
5.56448550363631e-16
5.74529276763979e-16
5.94919663593763e-16
6.14407234947385e-16
6.33770324412223e-16
6.53637254201465e-16
6.75809264445274e-16
6.9683325401547e-16
7.17782983978462e-16
7.39313679990355e-16
7.63322991153791e-16
7.92415784636264e-16
8.29857141041415e-16
8.65351333565993e-16
9.00710409391212e-16
9.38948975848937e-16
9.81686718871894e-16
1.02017133009519e-15
1.05947867216807e-15
1.10257792081732e-15
1.15051899965674e-15
1.19267200736892e-15
1.23606037369699e-15
1.28384617377374e-15
1.32984045414876e-15
1.37566591365749e-15
1.42318068841596e-15
1.4774623630558e-15
1.52929127106779e-15
1.58112798088022e-15
1.63464198616951e-15
1.69479248612761e-15
1.75090046509816e-15
1.80739997932213e-15
1.86597437920162e-15
1.92629787947756e-15
1.98534758964965e-15
2.04573469994121e-15
2.11351137965031e-15
2.17796540391642e-15
2.24278030596583e-15
2.33312142047914e-15
2.4455432569651e-15
2.55053190104786e-15
2.65655300477203e-15
2.77302823848198e-15
2.88701605943413e-15
3.00019463595097e-15
3.12229264415103e-15
3.25812343603617e-15
3.38524273666517e-15
3.51326051622764e-15
3.65171035722894e-15
3.78475104512431e-15
3.91805183894688e-15
4.06293124871891e-15
4.22316611889219e-15
4.37229333064194e-15
4.5229278252279e-15
4.67990625987593e-15
4.84100238316001e-15
5.00005492845006e-15
5.16383000686136e-15
5.33361661145284e-15
5.50160861110907e-15
5.67475751671148e-15
5.86950360025015e-15
6.05404463797651e-15
6.24027371779742e-15
6.43332680812765e-15
6.63071180711954e-15
6.90091265864014e-15
7.21939253639342e-15
7.53633148634296e-15
7.86016605482977e-15
8.22465534574066e-15
8.55097601676572e-15
8.89059396214283e-15
9.27151361292995e-15
9.62996608695282e-15
9.99418749707607e-15
1.03946312920722e-14
1.07768414072367e-14
1.11641492858847e-14
1.15899927510212e-14
1.20022647481719e-14
1.24184327533377e-14
1.28725141397013e-14
1.33157828339458e-14
1.37616477753564e-14
1.42267164203672e-14
1.47128766214628e-14
1.51964146650548e-14
1.5694430195997e-14
1.62513347925202e-14
1.67756008601818e-14
1.73076508336395e-14
1.7862042428682e-14
1.84236350154978e-14
1.89838585620304e-14
1.95628523504164e-14
2.04147964348904e-14
2.1268425375493e-14
2.21620895944669e-14
2.3215543842228e-14
2.41468982658583e-14
2.51169791283421e-14
2.62134297831364e-14
2.72456751165413e-14
2.830335222926e-14
2.94316904487208e-14
3.05540884244481e-14
3.16937060871556e-14
3.2925329061871e-14
3.41498689987832e-14
3.53894667826148e-14
3.66615771812894e-14
3.79132432964922e-14
3.92100679924368e-14
4.056833740091e-14
4.1936792938318e-14
4.33604802171289e-14
4.483737137092e-14
4.63045453346498e-14
4.78163303169482e-14
4.93729245413884e-14
5.09247415784674e-14
5.25299476328291e-14
5.41793712728402e-14
5.58299490462734e-14
5.75389861597253e-14
5.98521283804519e-14
6.2471132383377e-14
6.54483924730502e-14
6.82561106847792e-14
7.11412776867324e-14
7.39623092208392e-14
7.68225178811757e-14
8.00193003740215e-14
8.31560650764128e-14
8.63494607628032e-14
8.98714042237547e-14
9.32523529423667e-14
9.67016705379704e-14
1.00387391968154e-13
1.04060443657366e-13
1.0779187755824e-13
1.11616492217686e-13
1.15420738268714e-13
1.19546188391437e-13
1.23728893481197e-13
1.27876261633788e-13
1.32171992920473e-13
1.36556465808948e-13
1.40990210723698e-13
1.45499244084049e-13
1.49950160552665e-13
1.54568964222981e-13
1.59355599085674e-13
1.64224500787541e-13
1.6931385554359e-13
1.76375567315917e-13
1.8385083381412e-13
1.91492271788088e-13
2.00128886083834e-13
2.08560949778813e-13
2.17190351454803e-13
2.26451273782803e-13
2.356928595267e-13
2.45120023284973e-13
2.54749902214675e-13
2.64378884399029e-13
2.74931282355578e-13
2.8507254635679e-13
2.95511991009807e-13
3.06218810906443e-13
3.16930814676008e-13
3.28646735353957e-13
3.39979166108113e-13
3.51620091232479e-13
3.63555238312887e-13
3.75500662260728e-13
3.87990103966536e-13
4.00843542565303e-13
4.13954459560873e-13
4.27286293705181e-13
4.40531080754458e-13
4.54300699010033e-13
4.68426093469686e-13
4.82851991300763e-13
4.97508477922886e-13
5.16931378683825e-13
5.39077614875939e-13
5.6409080346032e-13
5.89070542312723e-13
6.14607822828269e-13
6.39592510311221e-13
6.65318378822466e-13
6.91935764052547e-13
7.18732185372228e-13
7.48322916631773e-13
7.76952645589416e-13
8.0646339644943e-13
8.3665417391803e-13
8.67004905301826e-13
8.98090515227451e-13
9.29301548114225e-13
9.63719520062357e-13
9.9853387561984e-13
1.03343981113433e-12
1.06859494116624e-12
1.10362733633815e-12
1.13944681357521e-12
1.17566315529581e-12
1.21559547798666e-12
1.2559391824064e-12
1.2963090103751e-12
1.33678774466687e-12
1.37711465691676e-12
1.41816756451638e-12
1.4597203697344e-12
1.52204317856114e-12
1.58758368570709e-12
1.65560362590891e-12
1.72635883552888e-12
1.79814808912757e-12
1.87245313825308e-12
1.94724542796517e-12
2.02998350154939e-12
2.11045180428334e-12
2.19354239424146e-12
2.2783996168603e-12
2.36419328663181e-12
2.45162736893082e-12
2.53999148351799e-12
2.63098862053084e-12
2.72349368116873e-12
2.81942376341734e-12
2.916617389671e-12
3.02283297271915e-12
3.12990354858722e-12
3.23723631342355e-12
3.34464115586859e-12
3.45246210350726e-12
3.5618560373269e-12
3.6732807932793e-12
3.78780292964887e-12
3.90472566783892e-12
4.02494378478586e-12
4.14665676763967e-12
4.27143207276394e-12
4.44168825876601e-12
4.64796348845219e-12
4.85507121301313e-12
5.06758885781641e-12
5.28326091863354e-12
5.5037921062901e-12
5.7274541891416e-12
5.95610228734525e-12
6.18900858701865e-12
6.42783068043946e-12
6.67214104022632e-12
6.92271949147796e-12
7.17930239279287e-12
7.44181825586639e-12
7.71046324314189e-12
7.98472213529822e-12
8.26534725217218e-12
8.55157598723557e-12
8.84452297231415e-12
9.14315055257183e-12
9.44875644542808e-12
9.7600539825513e-12
1.00784665094467e-11
1.04025945132194e-11
1.07339335680747e-11
1.10710993167372e-11
1.14155523593674e-11
1.17660066549141e-11
1.21237730241333e-11
1.24877499684533e-11
1.29912611209837e-11
1.35691195400176e-11
1.41633109541459e-11
1.47759589638415e-11
1.54018809201861e-11
1.60444678419687e-11
1.66984067889115e-11
1.73462376707329e-11
1.80003091386208e-11
1.87182703375555e-11
1.94394593493382e-11
2.01733732627514e-11
2.0907018318472e-11
2.16649998662442e-11
2.24448652145804e-11
2.32544088876864e-11
2.40791004640971e-11
2.49244234022709e-11
2.57810944815386e-11
2.66566675400748e-11
2.75493380884449e-11
2.84622480005105e-11
2.93961884881831e-11
3.03485188466583e-11
3.13111639619174e-11
3.22599154900147e-11
3.32384989442569e-11
3.42559726161356e-11
3.53140621200981e-11
3.63853850195493e-11
3.78551461922363e-11
3.95326510747549e-11
4.1260529355786e-11
4.30520795305227e-11
4.48853162782436e-11
4.66637725275315e-11
4.84848737501664e-11
5.03925021503153e-11
5.23833019535333e-11
5.44508344219203e-11
5.65702833728566e-11
5.87313728281827e-11
6.09107384315787e-11
6.30549141826077e-11
6.52736462259924e-11
6.75981395326772e-11
7.00251910368189e-11
7.25062184485168e-11
7.50313283307192e-11
7.7597475548282e-11
8.0200499830843e-11
8.28262541430345e-11
8.54424654746332e-11
8.81350198540149e-11
9.09361950200173e-11
9.3834303450731e-11
9.67785317471142e-11
9.9677325762854e-11
1.02646903880862e-10
1.05719746204519e-10
1.10069008757531e-10
1.15035626504329e-10
1.20117222144422e-10
1.25059682082163e-10
1.30145921317053e-10
1.35452141089661e-10
1.41013110261858e-10
1.4675613944643e-10
1.52373465078093e-10
1.58138035712714e-10
1.64131415743714e-10
1.70380379874834e-10
1.76817569835874e-10
1.83336852962959e-10
1.89814775412006e-10
1.96450902546483e-10
2.03366632073353e-10
2.10517295091269e-10
2.17791635646068e-10
2.25055956300506e-10
2.32473841346998e-10
2.40165929233856e-10
2.48082006982564e-10
2.56106964237114e-10
2.64146318096188e-10
2.72338136131908e-10
2.80698950689133e-10
2.8917296101051e-10
2.97903165364708e-10
3.06923756138195e-10
3.19557344292684e-10
3.3289196805155e-10
3.47676162241905e-10
3.62804402606929e-10
3.77486978962621e-10
3.92595955917391e-10
4.08391974938399e-10
4.24998170094758e-10
4.42131037006487e-10
4.58828543315473e-10
4.760684537938e-10
4.9388261950534e-10
5.12134535462739e-10
5.30682861705076e-10
5.49739395185824e-10
5.69222943497358e-10
5.88973666146194e-10
6.0930070076512e-10
6.30113608454165e-10
6.5116379321283e-10
6.72813294823799e-10
6.94958586917363e-10
7.17299236354748e-10
7.40267319232145e-10
7.6376490284388e-10
7.87451004177234e-10
8.1178730142459e-10
8.3666326300437e-10
8.617083337401e-10
8.87422678216683e-10
9.24656337333986e-10
9.63384665561924e-10
1.00412610781299e-09
1.04836820614257e-09
1.09338097140811e-09
1.1368514414365e-09
1.18336653528533e-09
1.23067459886796e-09
1.27861933100152e-09
1.32747062665339e-09
1.37775134743237e-09
1.42926350702332e-09
1.48143048968544e-09
1.53405846457114e-09
1.58868978551935e-09
1.64522935995375e-09
1.70280918603145e-09
1.7619453935208e-09
1.82205337735335e-09
1.88274432717442e-09
1.94503702077205e-09
2.00871989064925e-09
2.07370204274389e-09
2.1402809213868e-09
2.20791722324923e-09
2.27587244041404e-09
2.34432715714128e-09
2.41510189846272e-09
2.48806072462436e-09
2.56248602358386e-09
2.66525388548351e-09
2.7831464857175e-09
2.90421767541052e-09
3.02746160354832e-09
3.15141571927617e-09
3.27700728637632e-09
3.40756871274422e-09
3.54286700152926e-09
3.6808716499854e-09
3.82022656954205e-09
3.96442762511003e-09
4.11290540369672e-09
4.26503779174092e-09
4.42128931081568e-09
4.58006113324795e-09
4.73952899216462e-09
4.9010325384382e-09
5.06823321252528e-09
5.24058554261243e-09
5.41556658025014e-09
5.59232678076393e-09
5.77431437286508e-09
5.96074223322694e-09
6.14935216582306e-09
6.33993359430904e-09
6.53635958038791e-09
6.73765049854253e-09
6.94113573188142e-09
7.14636649700193e-09
7.35757277721387e-09
7.66199343366801e-09
7.97831899515304e-09
8.31264883587449e-09
8.66342755573314e-09
9.02438042056893e-09
9.39653458082063e-09
9.77478218428234e-09
1.01548865644988e-08
1.05417831474318e-08
1.09441913691634e-08
1.1359731146284e-08
1.17815266143404e-08
1.22106897779228e-08
1.2652685946709e-08
1.31049856804423e-08
1.35621799099176e-08
1.4022629360099e-08
1.44946218025569e-08
1.49850985189536e-08
1.54887467080436e-08
1.59968650172684e-08
1.65123921483087e-08
1.7042343861005e-08
1.75838468530734e-08
1.81307013670563e-08
1.86805139872041e-08
1.92435074554887e-08
1.98258461129224e-08
2.0421878418559e-08
2.10223552065205e-08
2.18478875412303e-08
2.27964130089881e-08
2.3762839122012e-08
2.47664067337834e-08
2.57980683237588e-08
2.68409136551352e-08
2.78886767365723e-08
2.9004122553461e-08
3.01372448919056e-08
3.12858109781683e-08
3.24436016876151e-08
3.36129307776077e-08
3.48077982863968e-08
3.60549662094841e-08
3.73510687665664e-08
3.86703160142067e-08
3.99911960797507e-08
4.13142377782868e-08
4.26808483091156e-08
4.41028385123646e-08
4.55612029785062e-08
4.70302159177304e-08
4.84998424316155e-08
4.99830634922597e-08
5.15254905120115e-08
5.31273541272895e-08
5.47603271050934e-08
5.63967402624031e-08
5.80308618317863e-08
5.96819294983961e-08
6.21923370334933e-08
6.48148114589178e-08
6.75310003518854e-08
7.03083247281343e-08
7.31281410805967e-08
7.59993882965713e-08
7.89637406020222e-08
8.20478003192897e-08
8.52489365945845e-08
8.85088763129543e-08
9.1780230463548e-08
9.50637510999287e-08
9.84054437421452e-08
1.01862967888202e-07
1.05477843256736e-07
1.09212456381549e-07
1.12990326215316e-07
1.1676471232072e-07
1.20548153601405e-07
1.24397733193402e-07
1.28371906005692e-07
1.32475316472206e-07
1.36681217258966e-07
1.40999160778657e-07
1.45375147330078e-07
1.49767435576342e-07
1.54182915854132e-07
1.58668586180227e-07
1.63272723198667e-07
1.6799917418987e-07
1.74934729177299e-07
1.8206559835893e-07
1.89547382792611e-07
1.97363598865377e-07
2.05370123869638e-07
2.1360642475832e-07
2.22127413700289e-07
2.30826603296999e-07
2.39593787196104e-07
2.48406390959815e-07
2.57331046949945e-07
2.6646977991209e-07
2.75890099666417e-07
2.85579927478135e-07
2.95476873309327e-07
3.05694520436744e-07
3.16249329806673e-07
3.26979016282403e-07
3.37750934709963e-07
3.48553107623181e-07
3.59475368078335e-07
3.70634669635698e-07
3.82095703844143e-07
3.93836878361346e-07
4.0579316283843e-07
4.17933241227045e-07
4.30289715290708e-07
4.43035318872864e-07
4.56159714822387e-07
4.69460205469532e-07
4.86775321311419e-07
5.07773511149789e-07
5.29333441154882e-07
5.51343584364909e-07
5.73568875890434e-07
5.95937878369533e-07
6.18570004491745e-07
6.4166814770161e-07
6.6539331140397e-07
6.89784208313905e-07
7.14774626659036e-07
7.40282740848752e-07
7.66288438055136e-07
7.92836184529177e-07
8.19974449364387e-07
8.47702575766617e-07
8.75987636060053e-07
9.05247868322045e-07
9.35462064045277e-07
9.66133317922328e-07
9.96895923685457e-07
1.02774205068821e-06
1.05891332206403e-06
1.09068759108334e-06
1.12321234331049e-06
1.15646099704965e-06
1.19031901390021e-06
1.22470400763083e-06
1.2596206639636e-06
1.29512801843235e-06
1.34732187351889e-06
1.40111037233395e-06
1.45771393214625e-06
1.51672646512169e-06
1.57700924681173e-06
1.63800800852166e-06
1.70002144752208e-06
1.76362207835545e-06
1.8289715506951e-06
1.89578535727425e-06
1.96383703097541e-06
2.03322587600972e-06
2.10414546702718e-06
2.1765864593697e-06
2.25197547675412e-06
2.32608284834984e-06
2.40263620883222e-06
2.48196741355977e-06
2.56148590936186e-06
2.64321080824474e-06
2.72621921227755e-06
2.81016009212311e-06
2.89517451762756e-06
2.98159895041113e-06
3.0696909448527e-06
3.15950733837034e-06
3.25095996949943e-06
3.34393794339868e-06
3.43839375338896e-06
3.53435098285062e-06
3.67511231999585e-06
3.82135528090667e-06
3.9748584771127e-06
4.13402381629854e-06
4.29651719435119e-06
4.46126777968376e-06
4.62858921251034e-06
4.79935074372638e-06
4.97416435751383e-06
5.15309781392502e-06
5.33588814260797e-06
5.52229391664628e-06
5.71227149770297e-06
5.90592774758015e-06
6.1033847642191e-06
6.30469491205535e-06
6.50984666931691e-06
6.71881614294803e-06
6.93160429126234e-06
7.14823767660013e-06
7.3687488129929e-06
7.5931654691472e-06
7.82149773556763e-06
8.0537532838509e-06
8.28994539086125e-06
8.53009238795535e-06
8.77421333543515e-06
9.02232509392866e-06
9.2744425015209e-06
9.53058004393615e-06
9.90770586974173e-06
1.02992393749639e-05
1.07089491123615e-05
1.11322090972945e-05
1.15636920267548e-05
1.20015547177861e-05
1.2446903672922e-05
1.29015796363208e-05
1.33666106741857e-05
1.38419801480208e-05
1.43272033016083e-05
1.48219180293281e-05
1.53260870903203e-05
1.58398816663797e-05
1.63634904398433e-05
1.68970174204636e-05
1.74404878959922e-05
1.79939016677225e-05
1.85572743329976e-05
1.91306465379362e-05
1.97140723719887e-05
2.03076053671293e-05
2.09113050878878e-05
2.15252065573676e-05
2.21493404690812e-05
2.2783744160486e-05
2.34284603273768e-05
2.40835332532614e-05
2.47490060642162e-05
2.54249200323846e-05
2.63198712111047e-05
2.73462428170557e-05
2.84054750159584e-05
2.95073298331617e-05
3.06334707679424e-05
3.17757566689397e-05
3.2939363138075e-05
3.41301738650902e-05
3.53483083669479e-05
3.6591256334406e-05
3.78579424197508e-05
3.91490446455764e-05
4.04654388225406e-05
4.1807346447605e-05
4.31745874597959e-05
4.45670617434902e-05
4.59848835118576e-05
4.74282494902589e-05
4.88973125584175e-05
5.03921670819627e-05
5.19128925570691e-05
5.34596391036007e-05
5.50324895752747e-05
5.66315262840911e-05
5.82568518659781e-05
5.99085784236149e-05
6.15868166826955e-05
6.32916730225585e-05
6.50232509891837e-05
6.67816537980451e-05
6.9242756654791e-05
7.1949078545511e-05
7.47095115705535e-05
7.75672993737918e-05
8.04994736472911e-05
8.34846644678848e-05
8.65219852234974e-05
8.96196507549906e-05
9.2783421874571e-05
9.60141070220865e-05
9.93102890029469e-05
0.00010267091705073
