0.201221761736358
0.199594036325424
0.198812154956648
0.198126819924878
0.197621982293112
0.197523900790938
0.196879609534695
0.196232932778477
0.19589820452801
0.195991932319654
0.19653609050014
0.196960365835264
0.19687824649476
0.196916667818139
0.197392270018235
0.198299923520293
0.198548916665592
0.198733564744606
0.199056696688548
0.199804713414306
0.200059168110221
0.200259369388229
0.20059224631834
0.201316185146967
0.202386770015105
0.20264874001469
0.202933748978123
0.203372232091909
0.204195183853782
0.204473460223553
0.204723521100622
0.204635947926196
0.205628623952557
0.206533226908407
0.206766324768206
0.2071593332205
0.208258457495335
0.209076435794568
0.209280398339131
0.209625416599505
0.210500667114256
0.211280967039932
0.211503948773925
0.211857684332486
0.212695294890488
0.213437902981666
0.213675114440897
0.21403474862563
0.214840768625553
0.215177238839577
0.215473505074024
0.215926227855294
0.216814480418578
0.217213057518673
0.217557743701895
0.218030957884981
0.218889247158332
0.219264375192285
0.219600509661705
0.220065043594725
0.220898812890854
0.220932810210324
0.222108135319746
0.222522403727846
0.222881759844439
0.223623873370625
0.224910910349879
0.225288301535089
0.225698488284406
0.226507892988912
0.227806477065775
0.228146215814704
0.228545357625642
0.229342626816416
0.229623344239698
0.229887268460292
0.230362498035145
0.231382568330358
0.231846112778852
0.232268667703904
0.232854902011848
0.233907379096104
0.234344554527892
0.234766645852491
0.235359083382901
0.235728739987229
0.236028867005542
0.236477739375679
0.237359869438409
0.237778244756439
0.238189025490367
0.238390438423671
0.239746529298954
0.240263000932417
0.240787535862062
0.241793450023365
0.242226420810585
0.242615799099412
0.243396612668107
0.244716215427724
0.245262048975322
0.245787715529912
0.246683414720083
0.247038196983799
0.247401831647964
0.248149370891835
0.249362708799987
0.249871521393364
0.250379333742894
0.251102184438601
0.251560790130333
0.251961811797111
0.252548648460248
0.252971595786661
0.253362248814267
0.253933287524597
0.254977589292177
0.2554904247172
0.256000602279751
0.256679600331694
0.25713166685509
0.257389844415198
0.258263947171087
0.258990746399177
0.259867386764982
0.261411775846389
0.261909668937649
0.262545050596905
0.263764264463082
0.264228410643467
0.264736671376855
0.265729642621385
0.266124642879144
0.266575923631126
0.267495483318256
0.267922050578382
0.26838846507538
0.269269529716222
0.269722480829178
0.270198747457738
0.270915510686877
0.271484219352308
0.27201116045995
0.272715881407395
0.273912513875216
0.274501617429333
0.275110038840184
0.275922952015108
0.276460178776732
0.276972859148841
0.277672625421402
0.278578387096829
0.27904777101219
0.279746457281122
0.281385011821309
0.281851127138079
0.282494792444896
0.283825281860314
0.284365957194983
0.284999160503869
0.285646822551428
0.286170048125725
0.286829662320573
0.287598196786486
0.288230291779984
0.288963118506622
0.289439836311759
0.289885278378552
0.290600971558903
0.291232267520113
0.291876919177819
0.292745561000584
0.293413578027063
0.294029973465267
0.294838551568574
0.295452123095198
0.296046355264194
0.296846316041944
0.297457141188494
0.298061206790979
0.298864996724629
0.299122657170424
0.300089881375266
0.301883537780169
0.302733282207978
0.303676467148914
0.304053592212955
0.304547299411525
0.305716149111028
0.306369765925022
0.307108657802
0.308412367655362
0.309071774165156
0.30981819541787
0.310612372646221
0.311293063337497
0.31210473600069
0.312677143533614
0.313256740864688
0.314292644032613
0.315006291392317
0.31568234283746
0.316612495329261
0.31731018200798
0.318050637676314
0.318536598753606
0.319019307154506
0.319773984645692
0.320435687128711
0.321160127091208
0.322121403979127
0.322754035584306
0.323283736011109
0.323994189285839
0.325526079434867
0.32639476879307
0.32736923911771
0.328404312154671
0.329286204620381
0.330334666781947
0.331051566005641
0.331793911194683
0.333133334662202
0.333856759515946
0.334737867632875
0.335351901067814
0.336004279252079
0.337206293934437
0.337892306401497
0.338721966176949
0.339323837188857
0.339964243347166
0.340928681260509
0.341717070680095
0.342586174491063
0.34318442410176
0.343788986970048
0.344682328030795
0.34542049160688
0.34625018937687
0.346839051636463
0.346808816237825
0.347751512729723
0.34916266411531
0.35037736001174
0.351770660107897
0.352562567469132
0.353551835841922
0.354305520667977
0.35513429513152
0.356649174402194
0.357524262788915
0.358573241002852
0.359315794940849
0.360119636809298
0.360735811251326
0.361446621156993
0.362780474248865
0.363740977503943
0.364704434940629
0.365338810102655
0.366023705746669
0.366606690479123
0.367316638082521
0.368589147580392
0.369515349219827
0.370429808105853
0.371034794875486
0.37168793112073
0.372238288022397
0.372916684245563
0.373939809582811
0.374844150975706
0.376027693701436
0.37698043244559
0.378046460101934
0.378912774728096
0.379865743437785
0.381571149069566
0.382608298290106
0.383843458757481
0.384735175090474
0.385722182478357
0.38645311433071
0.387320275396832
0.388074875185016
0.388978583995693
0.389807900249925
0.390727269505668
0.392207291079285
0.393268631576825
0.394329655607569
0.395036445140777
0.395835462594229
0.396473085821467
0.397286659534185
0.398012808637477
0.398886085434908
0.399639964869997
0.400483124564855
0.401205443500987
0.401302020090597
0.403133551298853
0.404509551245506
0.406116904533475
0.40728010427753
0.408631979464131
0.409598953322549
0.410780233054714
0.411672418028662
0.412803166750098
0.413698614382156
0.41481956736386
0.415718046090589
0.416814692560077
0.417697606158754
0.418761242008701
0.419628352589438
0.42066751132141
0.421526190306131
0.422548375585916
0.423399604071119
0.424404997841469
0.425245873724895
0.426233642844069
0.427062996166093
0.428034437904809
0.428852588818824
0.429809278772971
0.430616151755565
0.431558837403961
0.431959615160981
0.433566892541197
0.434871278982486
0.436444852292428
0.437648295191044
0.439094595802035
0.440191816536361
0.441056145928693
0.441837948821334
0.443016382888328
0.444181284127948
0.445042557638845
0.44601810833506
0.447015725131797
0.448240220358781
0.449347171579573
0.450573757833159
0.451587709615198
0.452727225023022
0.453690656460135
0.45483011227993
0.455801979372164
0.456960938004968
0.457926283240046
0.458549762220722
0.459254717919595
0.460146747862584
0.461268878851271
0.462283961423888
0.463346689767248
0.463753768675074
0.465427255975207
0.46685855196914
0.468635257981727
0.470047734596418
0.470750295266651
0.471793933983101
0.472957452859606
0.474468256110659
0.475780522216433
0.477276909494137
0.478458971869144
0.479150933545096
0.479958988541176
0.481011695673632
0.482415543843706
0.483693112729961
0.485088937294052
0.486191735010944
0.487455961852454
0.488494298776989
0.48919185520344
0.490034361592674
0.490969566922588
0.492220298130613
0.493364681741212
0.494139148247225
0.494954850560397
0.495872082359695
0.497041833830848
0.497752106468261
0.499776860529951
0.501421142275546
0.502298714963347
0.50358398360933
0.504907710169665
0.506681301707852
0.508201731112044
0.509071607037518
0.510277905262153
0.511505190986282
0.513113742956716
0.514502913801508
0.515398255206217
0.516413249796761
0.517458033341221
0.518920274831955
0.520267942384483
0.521216917691925
0.522276428908754
0.523301642321006
0.524684881648513
0.525948443174503
0.526850215386133
0.527880922257991
0.528863627945551
0.529730003182583
0.530784720566991
0.531844666797371
0.533157130516307
0.533937627489868
0.535036876843911
0.537108903094142
0.53875522464441
0.539689195300663
0.541062382675957
0.542524773466654
0.544476084062741
0.546156537502985
0.547105287244325
0.548471811299922
0.549797071358357
0.550852312813211
0.552168452100422
0.553425948141547
0.554456332089784
0.555721573135366
0.556965178490864
0.558011584349026
0.559248765953661
0.560464087760572
0.56149220264651
0.562682987634775
0.563866159002287
0.564884450051189
0.566045437116921
0.567199138255516
0.568194537376571
0.569318882168
0.570441186618295
0.571444702590068
0.572763993862459
0.574282960363921
0.576570063796854
0.578351875722544
0.579330015123838
0.581076636161665
0.582577361684223
0.583703670391851
0.58520936399339
0.586688886444442
0.587922211279789
0.588898009443829
0.590167334585837
0.591584568713481
0.592886481824513
0.594381029187379
0.595764237870222
0.596851261827529
0.598166501819371
0.5994759850342
0.600606354735846
0.602004494260641
0.603326338868988
0.604392121996643
0.605233068398715
0.606337097415334
0.607575893213191
0.608727392282087
0.610066917223699
0.610528828875769
0.612702610070014
0.61467533147311
0.616165967352972
0.617208415853501
0.618720203079304
0.620408664929631
0.621953799855589
0.623183920395176
0.624699269998372
0.626292079999315
0.627696827659825
0.629431170638077
0.631044474638486
0.632307848274309
0.633259989187879
0.634594538906548
0.636068594458435
0.637416043653812
0.638498082560572
0.639841231063659
0.641236006986449
0.642470949002402
0.643489661735282
0.6447678532987
0.646117733287899
0.647320990910267
0.648308550305754
0.649529467300562
0.650819906729532
0.651704265285408
0.653096617381169
0.654890657811691
0.656637074784259
0.658690044946154
0.660556375884798
0.661972217102366
0.663058759924884
0.664656863842788
0.666429304946817
0.668018968895745
0.669250820029296
0.670883369519602
0.672541474659293
0.673972118783076
0.675096459350473
0.676137832332909
0.67763897881333
0.679254588286528
0.680655517787874
0.681727891739071
0.68315569301842
0.684636375609997
0.68594542281197
0.686998413572267
0.687940920798026
0.689305568975767
0.690763066238923
0.692044039937739
0.693043833439963
0.693245940037053
0.694827374431974
0.696986810054966
0.699222770723467
0.701113865526974
0.702509171223303
0.703666425905906
0.705739667870739
0.707616280786983
0.709145660851533
0.710358671676779
0.711492198451738
0.712857544934629
0.714757621750071
0.716616904108339
0.718076093380262
0.719126251693743
0.720105789540613
0.721701499340053
0.723441140608343
0.724954797547164
0.726098265207975
0.727019397618315
0.728047334831843
0.729629931156374
0.731272524422641
0.732638490993874
0.73364983207138
0.734494447385762
0.735475298505874
0.737157715883727
0.739040411291182
0.740820700915557
0.742322759991136
0.743615304558064
0.744950918039968
0.746505263533435
0.748633025658748
0.75070289553196
0.7523362541871
0.753519052387812
0.754549289943383
0.755793188763725
0.75731453314493
0.759322960845092
0.761188071395372
0.762607816547004
0.763632288738624
0.764556625403001
0.765679366147528
0.767029516837077
0.768359285583009
0.76998196637541
0.771537322125784
0.772815305163652
0.773830154553455
0.774770337069481
0.775830467122196
0.777028967709716
0.778218481019912
0.779148221308886
0.780565856536954
0.782450180147627
0.784319329881834
0.785862666072869
0.78804022603135
0.79023621808601
0.792064850726439
0.793442711301231
0.794544207025721
0.795640737915447
0.796906111134212
0.798315877565639
0.799720400308064
0.80103990678463
0.802915979009085
0.804795686862229
0.806343247553909
0.807511255264542
0.80846915605932
0.809441804168551
0.810552532148778
0.811768692703316
0.812976425556846
0.814116665345991
0.815237904545334
0.81640176597148
0.817985414915988
0.819547485401197
0.820831843566631
0.820074450091297
0.822588123728138
0.825100650656852
0.827229795471612
0.828857663977558
0.830122311820255
0.831269534852059
0.832488463668943
0.833829497495105
0.835223832041823
0.836583335413041
0.837881591800822
0.839156163240492
0.840449724974908
0.841760802945466
0.843058716418545
0.84433362826095
0.846180177043452
0.848017203888368
0.849513684578124
0.850635580278758
0.851549290005388
0.852453333772362
0.853453836903072
0.854540341073783
0.855639586919886
0.856695748949584
0.85770656913956
0.858704160885851
0.859713797247542
0.860344153802166
0.861651302151456
0.863496001036725
0.865297600566522
0.866750252904974
0.867984848196328
0.869263860499215
0.870670819301213
0.872086963058647
0.873411343088031
0.874676097449556
0.875954527864291
0.877244421631291
0.87850004999264
0.880500250239668
0.881614306166721
0.883058911919864
0.884641722107335
0.885926348020415
0.887158610061926
0.888222078776112
0.889148204216837
0.890026681802938
0.890927482064769
0.891870095805162
0.89283285414274
0.893786121736097
0.89471498917833
0.895622190350509
0.896517812038705
0.897114769480938
0.898424368228575
0.90017338797794
0.901877899968018
0.903290977388118
0.904458117005599
0.905540843187657
0.906656928518305
0.907824842019126
0.909001317948811
0.910143347769562
0.911239334273104
0.912302362926002
0.913348983799499
0.914385830975666
0.915410057402422
0.916416586262677
0.917403430741848
0.918372002253786
0.919324632270017
0.92026258954876
0.921185885872989
0.922094131137941
0.922987282174575
0.923865850501656
0.924730459356716
0.925581524659005
0.926419257906139
0.927243828542703
0.928055474969927
0.928626604727354
0.929883305886286
0.931502245973081
0.933023364543196
0.93426610476821
0.935303416264226
0.936278693662841
0.937277277570642
0.938304551868352
0.939327544740073
0.940318660377132
0.941271597187602
0.942194472218712
0.94309734818577
0.94398533648032
0.944858614030567
0.945715512724463
0.946555012985919
0.947377401945946
0.948183715200446
0.948974999505705
0.949751960017888
0.950515091526384
0.951264571994316
0.952000581181009
0.952723516777252
0.953433852733105
0.954132020260569
0.954818373142677
0.955493210456313
0.953574290910294
0.954238455311644
0.955547611578164
0.95685885470776
0.957842077547775
0.958651605741908
0.959493955272832
0.960391007899488
0.961269244015926
0.96209109874717
0.962872003239296
0.96363626647684
0.964390668081877
0.965129815382198
0.965849196885359
0.966549485526292
0.967233608473674
0.967903559505974
0.9685598600911
0.969202519616669
0.969831789265504
0.970448368666688
0.971052685300687
0.971645094519532
0.972226100664283
0.972796177069775
0.973355699775091
0.973904981824083
0.974444316633416
0.974973999645577
0.973806766000363
0.974418093728278
0.97550403156186
0.976752289331845
0.977806425004315
0.978626040856116
0.979331067685148
0.980017552966628
0.980709046792864
0.981391292301161
0.982050046880522
0.982682904748162
