0.160000
 300
1.03509761e+00
1.02685078e+00
1.01853907e+00
1.00992382e+00
1.00095158e+00
9.91609777e-01
9.81899994e-01
9.71829951e-01
9.61410333e-01
9.50653279e-01
9.39571557e-01
9.28178056e-01
9.16485458e-01
9.04506007e-01
8.92251346e-01
8.79732401e-01
8.66959298e-01
8.53941313e-01
8.40686839e-01
8.27203382e-01
8.13497570e-01
7.99575194e-01
7.85441251e-01
7.71100021e-01
7.56555160e-01
7.41809808e-01
7.26866733e-01
7.11728483e-01
6.96397580e-01
6.80876737e-01
6.65169108e-01
6.49278583e-01
6.33210123e-01
6.16970159e-01
6.00567041e-01
5.84011589e-01
5.67317727e-01
5.50503261e-01
5.33590819e-01
5.16609032e-01
4.99594027e-01
4.82591404e-01
4.65658903e-01
4.48870209e-01
4.32320622e-01
4.16135936e-01
4.00485126e-01
3.85529093e-01
3.72859279e-01
3.61404960e-01
3.50857127e-01
3.41047042e-01
3.31862773e-01
3.23222611e-01
3.15063402e-01
3.07334456e-01
2.99993968e-01
2.93006760e-01
2.86342759e-01
2.79975933e-01
2.73883510e-01
2.68045403e-01
2.62443756e-01
2.57062602e-01
2.51887582e-01
2.46905718e-01
2.42105233e-01
2.37475398e-01
2.33006404e-01
2.28689255e-01
2.24515675e-01
2.20478036e-01
2.16569282e-01
2.12782880e-01
2.09112761e-01
2.05553282e-01
2.02099182e-01
1.98745550e-01
1.95487796e-01
1.92321620e-01
1.89242991e-01
1.86248121e-01
1.83333452e-01
1.80495631e-01
1.77731501e-01
1.75038082e-01
1.72412558e-01
1.69852268e-01
1.67354694e-01
1.64917450e-01
1.62538273e-01
1.60215017e-01
1.57945644e-01
1.55728216e-01
1.53560889e-01
1.51441909e-01
1.49369605e-01
1.47342384e-01
1.45358726e-01
1.43417181e-01
1.41516362e-01
1.39654947e-01
1.37831668e-01
1.36045315e-01
1.34294728e-01
1.32578795e-01
1.30896454e-01
1.29246681e-01
1.27628500e-01
1.26040969e-01
1.24483186e-01
1.22954284e-01
1.21453430e-01
1.19979823e-01
1.18532691e-01
1.17111294e-01
1.15714916e-01
1.14342870e-01
1.12994493e-01
1.11669147e-01
1.10366215e-01
1.09085103e-01
1.07825239e-01
1.06586067e-01
1.05367054e-01
1.04167684e-01
1.02987458e-01
1.01825893e-01
1.00682523e-01
9.95568976e-02
9.84485798e-02
9.73571476e-02
9.62821921e-02
9.52233174e-02
9.41801399e-02
9.31522881e-02
9.21394016e-02
9.11411315e-02
9.01571389e-02
8.91870954e-02
8.82306824e-02
8.72875904e-02
8.63575191e-02
8.54401770e-02
8.45352807e-02
8.36425553e-02
8.27617332e-02
8.18925545e-02
8.10347666e-02
8.01881237e-02
7.93523868e-02
7.85273234e-02
7.77127071e-02
7.69083177e-02
7.61139407e-02
7.53293672e-02
7.45543940e-02
7.37888226e-02
7.30324602e-02
7.22851183e-02
7.15466136e-02
7.08167671e-02
7.00954042e-02
6.93823547e-02
6.86774526e-02
6.79805356e-02
6.72914455e-02
6.66100279e-02
6.59361318e-02
6.52696098e-02
6.46103180e-02
6.39581155e-02
6.33128649e-02
6.26744317e-02
6.20426844e-02
6.14174944e-02
6.07987358e-02
6.01862856e-02
5.95800233e-02
5.89798309e-02
5.83855930e-02
5.77971963e-02
5.72145301e-02
5.66374859e-02
5.60659571e-02
5.54998395e-02
5.49390307e-02
5.43834305e-02
5.38329403e-02
5.32874636e-02
5.27469055e-02
5.22111730e-02
5.16801746e-02
5.11538204e-02
5.06320223e-02
5.01146933e-02
4.96017482e-02
4.90931031e-02
4.85886753e-02
4.80883836e-02
4.75921481e-02
4.70998898e-02
4.66115311e-02
4.61269956e-02
4.56462078e-02
4.51690932e-02
4.46955784e-02
4.42255909e-02
4.37590592e-02
4.32959125e-02
4.28360809e-02
4.23794953e-02
4.19260872e-02
4.14757890e-02
4.10285336e-02
4.05842546e-02
4.01428860e-02
3.97043626e-02
3.92686194e-02
3.88355919e-02
3.84052163e-02
3.79774287e-02
3.75521658e-02
3.71293645e-02
3.67089618e-02
3.62908951e-02
3.58751015e-02
3.54615187e-02
3.50500840e-02
3.46407348e-02
3.42334084e-02
3.38280419e-02
3.34245723e-02
3.30229362e-02
3.26230698e-02
3.22249091e-02
3.18283892e-02
3.14334451e-02
3.10400109e-02
3.06480199e-02
3.02574047e-02
2.98680969e-02
2.94800271e-02
2.90931247e-02
2.87073178e-02
2.83225333e-02
2.79386962e-02
2.75557303e-02
2.71735571e-02
2.67920963e-02
2.64112655e-02
2.60309796e-02
2.56511510e-02
2.52716895e-02
2.48925012e-02
2.45134893e-02
2.41345530e-02
2.37555873e-02
2.33764829e-02
2.29971255e-02
2.26173953e-02
2.22371668e-02
2.18563078e-02
2.14746787e-02
2.10921324e-02
2.07085125e-02
2.03236533e-02
1.99373779e-02
1.95494973e-02
1.91598093e-02
1.87680963e-02
1.83741237e-02
1.79776376e-02
1.75783625e-02
1.71759979e-02
1.67702153e-02
1.63606534e-02
1.59469136e-02
1.55285537e-02
1.51050806e-02
1.46759416e-02
1.42405129e-02
1.37980865e-02
1.33478519e-02
1.28888745e-02
1.24200665e-02
1.19401487e-02
1.14475998e-02
1.09405857e-02
1.04168620e-02
9.87363169e-03
9.30733416e-03
8.71331712e-03
8.08530238e-03
7.41445990e-03
6.68766827e-03
5.88386150e-03
4.96497115e-03
3.84597661e-03
2.18380660e-03
