0.143259
 300
1.03921910e+00
1.02994741e+00
1.02054749e+00
1.01075628e+00
1.00051828e+00
9.89823860e-01
9.78679261e-01
9.67097439e-01
9.55094441e-01
9.42687625e-01
9.29894667e-01
9.16732954e-01
9.03219177e-01
8.89369061e-01
8.75197172e-01
8.60716801e-01
8.45939890e-01
8.30877008e-01
8.15537370e-01
7.99928889e-01
7.84058268e-01
7.67931136e-01
7.51552214e-01
7.34925534e-01
7.18054693e-01
7.00943170e-01
6.83594691e-01
6.66013662e-01
6.48205677e-01
6.30178125e-01
6.11940895e-01
5.93507228e-01
5.74894737e-01
5.56126655e-01
5.37233389e-01
5.18254490e-01
4.99241232e-01
4.80260100e-01
4.61397711e-01
4.42768145e-01
4.24524342e-01
4.06874464e-01
3.90019392e-01
3.75944907e-01
3.63325889e-01
3.51781880e-01
3.41106066e-01
3.31161836e-01
3.21849875e-01
3.13093733e-01
3.04832289e-01
2.97015334e-01
2.89600779e-01
2.82552783e-01
2.75840433e-01
2.69436791e-01
2.63318177e-01
2.57463620e-01
2.51854429e-01
2.46473854e-01
2.41306807e-01
2.36339641e-01
2.31559962e-01
2.26956477e-01
2.22518856e-01
2.18237632e-01
2.14104096e-01
2.10110223e-01
2.06248599e-01
2.02512357e-01
1.98895128e-01
1.95390994e-01
1.91994441e-01
1.88700328e-01
1.85503854e-01
1.82400526e-01
1.79386136e-01
1.76456735e-01
1.73608616e-01
1.70838292e-01
1.68142481e-01
1.65518087e-01
1.62962193e-01
1.60472040e-01
1.58045023e-01
1.55678676e-01
1.53370662e-01
1.51118768e-01
1.48920893e-01
1.46775043e-01
1.44679322e-01
1.42631930e-01
1.40631150e-01
1.38675351e-01
1.36762977e-01
1.34892543e-01
1.33062634e-01
1.31271899e-01
1.29519046e-01
1.27802842e-01
1.26122106e-01
1.24475708e-01
1.22862568e-01
1.21281649e-01
1.19731959e-01
1.18212545e-01
1.16722493e-01
1.15260929e-01
1.13827008e-01
1.12419923e-01
1.11038897e-01
1.09683181e-01
1.08352057e-01
1.07044833e-01
1.05760842e-01
1.04499444e-01
1.03260019e-01
1.02041973e-01
1.00844731e-01
9.96677380e-02
9.85104603e-02
9.73723815e-02
9.62530034e-02
9.51518448e-02
9.40684406e-02
9.30023414e-02
9.19531126e-02
9.09203341e-02
8.99035994e-02
8.89025149e-02
8.79166999e-02
8.69457856e-02
8.59894149e-02
8.50472417e-02
8.41189308e-02
8.32041571e-02
8.23026054e-02
8.14139700e-02
8.05379544e-02
7.96742707e-02
7.88226396e-02
7.79827900e-02
7.71544584e-02
7.63373890e-02
7.55313332e-02
7.47360495e-02
7.39513030e-02
7.31768654e-02
7.24125147e-02
7.16580348e-02
7.09132157e-02
7.01778526e-02
6.94517466e-02
6.87347038e-02
6.80265354e-02
6.73270576e-02
6.66360911e-02
6.59534615e-02
6.52789984e-02
6.46125361e-02
6.39539127e-02
6.33029705e-02
6.26595556e-02
6.20235177e-02
6.13947103e-02
6.07729903e-02
6.01582180e-02
5.95502569e-02
5.89489739e-02
5.83542386e-02
5.77659240e-02
5.71839056e-02
5.66080618e-02
5.60382739e-02
5.54744255e-02
5.49164029e-02
5.43640948e-02
5.38173924e-02
5.32761890e-02
5.27403801e-02
5.22098637e-02
5.16845396e-02
5.11643096e-02
5.06490776e-02
5.01387494e-02
4.96332324e-02
4.91324362e-02
4.86362717e-02
4.81446518e-02
4.76574907e-02
4.71747045e-02
4.66962106e-02
4.62219279e-02
4.57517767e-02
4.52856787e-02
4.48235570e-02
4.43653357e-02
4.39109406e-02
4.34602981e-02
4.30133363e-02
4.25699841e-02
4.21301714e-02
4.16938294e-02
4.12608901e-02
4.08312865e-02
4.04049524e-02
3.99818226e-02
3.95618327e-02
3.91449190e-02
3.87310188e-02
3.83200698e-02
3.79120106e-02
3.75067803e-02
3.71043188e-02
3.67045663e-02
3.63074639e-02
3.59129528e-02
3.55209749e-02
3.51314724e-02
3.47443881e-02
3.43596649e-02
3.39772461e-02
3.35970753e-02
3.32190962e-02
3.28432529e-02
3.24694893e-02
3.20977498e-02
3.17279786e-02
3.13601199e-02
3.09941179e-02
3.06299167e-02
3.02674603e-02
2.99066924e-02
2.95475566e-02
2.91899959e-02
2.88339533e-02
2.84793709e-02
2.81261907e-02
2.77743538e-02
2.74238008e-02
2.70744715e-02
2.67263049e-02
2.63792390e-02
2.60332108e-02
2.56881560e-02
2.53440095e-02
2.50007042e-02
2.46581720e-02
2.43163429e-02
2.39751451e-02
2.36345049e-02
2.32943464e-02
2.29545913e-02
2.26151588e-02
2.22759652e-02
2.19369239e-02
2.15979447e-02
2.12589338e-02
2.09197935e-02
2.05804216e-02
2.02407109e-02
1.99005492e-02
1.95598182e-02
1.92183932e-02
1.88761424e-02
1.85329261e-02
1.81885959e-02
1.78429936e-02
1.74959502e-02
1.71472846e-02
1.67968023e-02
1.64442932e-02
1.60895302e-02
1.57322668e-02
1.53722341e-02
1.50091380e-02
1.46426552e-02
1.42724290e-02
1.38980637e-02
1.35191178e-02
1.31350968e-02
1.27454424e-02
1.23495207e-02
1.19466065e-02
1.15358631e-02
1.11163170e-02
1.06868231e-02
1.02460197e-02
9.79226526e-03
9.32355067e-03
8.83737246e-03
8.33054351e-03
7.79889958e-03
7.23682108e-03
6.63640428e-03
5.98590425e-03
5.26646497e-03
4.44401166e-03
3.44244331e-03
1.95468201e-03
