0.250195
2.57277 0.573728 100
1.0184960315484477
1.0149717020674056
1.008963718326332
1.000885272004532
0.9909940770928307
0.9794777041165599
0.9664843268137131
0.9521377448538108
0.9365460017512064
0.919807088220185
0.902013036383241
0.8832536475407555
0.8636193364895318
0.8432039917385211
0.8221081279562387
0.8004424721230349
0.778333175938291
0.7559274314516528
0.7334022031956459
0.7109780901839273
0.6889448701344594
0.6677224405534773
0.6481656026477134
0.6311210352919175
0.6155792059986834
0.6011304725676551
0.5875581669380524
0.5747194895592231
0.5625109475687907
0.5508532351177643
0.5396832712590341
0.5289495086290827
0.5186089493258628
0.5086251375120153
0.4989667499747801
0.4896065723876398
0.4805207349323993
0.47168812835096735
0.4630899491163375
0.4547093392391083
0.4465310968696514
0.4385414408080071
0.43072781670167093
0.4230787359223177
0.4155836403686867
0.4082327880580421
0.40101715554460104
0.39392835407240134
0.38695855702102094
0.38010043669604693
0.37334710889434447
0.3666920839667109
0.3601292233287201
0.3536527005498003
0.34725696629214803
0.3409367164833203
0.3346868631953699
0.32850250777390544
0.32237891581591605
0.3163114936381909
0.31029576591048746
0.30432735415084894
0.29840195579516254
0.29251532356015975
0.2866632448181715
0.28084152069339
0.2750459445720805
0.26927227969233847
0.2635162354409258
0.2577734419331457
0.2520394223836532
0.24630956268711476
0.2405790775121065
0.2348429720615984
0.22909599845792988
0.22333260545445102
0.2175468798389135
0.21173247744564885
0.20588254109228435
0.19998960194072465
0.19404545966097778
0.18804103521494153
0.1819661878693009
0.17580948487215273
0.16955790757823141
0.16319647085547054
0.15670772196844043
0.1500710684307706
0.1432618573058178
0.1362500832537673
0.12899852405410808
0.12145995933454451
0.11357285350813745
0.10525432040957301
0.09638793373408928
0.08680085583576043
0.07621600627580846
0.06413487104964874
0.04946513596904148
0.02843707389465842