0.200000
 300
1.02555503e+00
1.01903288e+00
1.01252816e+00
1.00584651e+00
9.98940956e-01
9.91796925e-01
9.84411038e-01
9.76784836e-01
9.68922341e-01
9.60828938e-01
9.52510773e-01
9.43974409e-01
9.35226602e-01
9.26274145e-01
9.17123768e-01
9.07782048e-01
8.98255353e-01
8.88549793e-01
8.78671182e-01
8.68625013e-01
8.58416434e-01
8.48050235e-01
8.37530842e-01
8.26862312e-01
8.16048336e-01
8.05092247e-01
7.93997035e-01
7.82765359e-01
7.71399573e-01
7.59901757e-01
7.48273744e-01
7.36517162e-01
7.24633480e-01
7.12624057e-01
7.00490200e-01
6.88233233e-01
6.75854568e-01
6.63355787e-01
6.50738739e-01
6.38005642e-01
6.25159202e-01
6.12202748e-01
5.99140381e-01
5.85977146e-01
5.72719234e-01
5.59374205e-01
5.45951257e-01
5.32461541e-01
5.18918530e-01
5.05338480e-01
4.91740983e-01
4.78149681e-01
4.64593174e-01
4.51106259e-01
4.37731637e-01
4.24522465e-01
4.11546384e-01
3.98892672e-01
3.86687128e-01
3.75134006e-01
3.64785915e-01
3.55371593e-01
3.46611563e-01
3.38384379e-01
3.30612539e-01
3.23240038e-01
3.16223653e-01
3.09528610e-01
3.03126119e-01
2.96991832e-01
2.91104825e-01
2.85446880e-01
2.80001969e-01
2.74755868e-01
2.69695859e-01
2.64810501e-01
2.60089444e-01
2.55523279e-01
2.51103420e-01
2.46821997e-01
2.42671777e-01
2.38646086e-01
2.34738757e-01
2.30944067e-01
2.27256702e-01
2.23671710e-01
2.20184470e-01
2.16790663e-01
2.13486245e-01
2.10267418e-01
2.07130620e-01
2.04072494e-01
2.01089882e-01
1.98179801e-01
1.95339438e-01
1.92566129e-01
1.89857357e-01
1.87210732e-01
1.84623992e-01
1.82094986e-01
1.79621673e-01
1.77202110e-01
1.74834448e-01
1.72516927e-01
1.70247867e-01
1.68025668e-01
1.65848800e-01
1.63715804e-01
1.61625282e-01
1.59575900e-01
1.57566380e-01
1.55595497e-01
1.53662079e-01
1.51765001e-01
1.49903183e-01
1.48075592e-01
1.46281232e-01
1.44519148e-01
1.42788422e-01
1.41088170e-01
1.39417544e-01
1.37775725e-01
1.36161925e-01
1.34575387e-01
1.33015378e-01
1.31481194e-01
1.29972155e-01
1.28487605e-01
1.27026910e-01
1.25589458e-01
1.24174659e-01
1.22781942e-01
1.21410756e-01
1.20060566e-01
1.18730855e-01
1.17421126e-01
1.16130894e-01
1.14859691e-01
1.13607064e-01
1.12372573e-01
1.11155793e-01
1.09956311e-01
1.08773726e-01
1.07607652e-01
1.06457711e-01
1.05323537e-01
1.04204776e-01
1.03101084e-01
1.02012125e-01
1.00937574e-01
9.98771167e-02
9.88304445e-02
9.77972593e-02
9.67772706e-02
9.57701959e-02
9.47757605e-02
9.37936967e-02
9.28237442e-02
9.18656495e-02
9.09191655e-02
8.99840517e-02
8.90600737e-02
8.81470031e-02
8.72446170e-02
8.63526984e-02
8.54710355e-02
8.45994215e-02
8.37376551e-02
8.28855393e-02
8.20428821e-02
8.12094960e-02
8.03851978e-02
7.95698086e-02
7.87631537e-02
7.79650621e-02
7.71753669e-02
7.63939048e-02
7.56205161e-02
7.48550445e-02
7.40973374e-02
7.33472450e-02
7.26046210e-02
7.18693219e-02
7.11412075e-02
7.04201401e-02
6.97059850e-02
6.89986101e-02
6.82978858e-02
6.76036852e-02
6.69158838e-02
6.62343593e-02
6.55589917e-02
6.48896633e-02
6.42262586e-02
6.35686638e-02
6.29167675e-02
6.22704599e-02
6.16296332e-02
6.09941814e-02
6.03640000e-02
5.97389866e-02
5.91190398e-02
5.85040603e-02
5.78939499e-02
5.72886119e-02
5.66879511e-02
5.60918734e-02
5.55002862e-02
5.49130977e-02
5.43302176e-02
5.37515566e-02
5.31770263e-02
5.26065393e-02
5.20400093e-02
5.14773506e-02
5.09184785e-02
5.03633090e-02
4.98117587e-02
4.92637451e-02
4.87191861e-02
4.81780001e-02
4.76401061e-02
4.71054234e-02
4.65738718e-02
4.60453713e-02
4.55198421e-02
4.49972047e-02
4.44773797e-02
4.39602877e-02
4.34458492e-02
4.29339846e-02
4.24246144e-02
4.19176585e-02
4.14130367e-02
4.09106682e-02
4.04104718e-02
3.99123659e-02
3.94162678e-02
3.89220942e-02
3.84297610e-02
3.79391830e-02
3.74502737e-02
3.69629454e-02
3.64771092e-02
3.59926743e-02
3.55095484e-02
3.50276372e-02
3.45468442e-02
3.40670708e-02
3.35882159e-02
3.31101754e-02
3.26328424e-02
3.21561068e-02
3.16798546e-02
3.12039681e-02
3.07283254e-02
3.02527998e-02
2.97772593e-02
2.93015666e-02
2.88255779e-02
2.83491431e-02
2.78721041e-02
2.73942951e-02
2.69155411e-02
2.64356570e-02
2.59544470e-02
2.54717028e-02
2.49872025e-02
2.45007094e-02
2.40119695e-02
2.35207099e-02
2.30266366e-02
2.25294313e-02
2.20287485e-02
2.15242116e-02
2.10154087e-02
2.05018870e-02
1.99831470e-02
1.94586345e-02
1.89277317e-02
1.83897459e-02
1.78438956e-02
1.72892935e-02
1.67249244e-02
1.61496173e-02
1.55620093e-02
1.49604980e-02
1.43431774e-02
1.37077500e-02
1.30514040e-02
1.23706357e-02
1.16609846e-02
1.09166228e-02
1.01296857e-02
9.28911180e-03
8.37846389e-03
7.37135240e-03
6.22008831e-03
4.81816380e-03
2.73579753e-03
