0.100000
 300
1.05104780e+00
1.03740605e+00
1.02325981e+00
1.00826119e+00
9.92363892e-01
9.75587771e-01
9.57973865e-01
9.39570088e-01
9.20425106e-01
9.00585204e-01
8.80092542e-01
8.58984186e-01
8.37291672e-01
8.15040981e-01
7.92252877e-01
7.68943585e-01
7.45125836e-01
7.20810279e-01
6.96007346e-01
6.70729617e-01
6.44994825e-01
6.18829673e-01
5.92274726e-01
5.65390838e-01
5.38267850e-01
5.11036922e-01
4.83889226e-01
4.57107261e-01
4.31126328e-01
4.06696382e-01
3.85840758e-01
3.68239027e-01
3.52636132e-01
3.38555113e-01
3.25709290e-01
3.13900220e-01
3.02980198e-01
2.92834223e-01
2.83369957e-01
2.74511555e-01
2.66195632e-01
2.58368470e-01
2.50984030e-01
2.44002477e-01
2.37389063e-01
2.31113268e-01
2.25148119e-01
2.19469648e-01
2.14056458e-01
2.08889359e-01
2.03951075e-01
1.99225998e-01
1.94699977e-01
1.90360147e-01
1.86194776e-01
1.82193137e-01
1.78345401e-01
1.74642539e-01
1.71076238e-01
1.67638831e-01
1.64323232e-01
1.61122880e-01
1.58031691e-01
1.55044013e-01
1.52154587e-01
1.49358514e-01
1.46651222e-01
1.44028439e-01
1.41486170e-01
1.39020672e-01
1.36628434e-01
1.34306161e-01
1.32050756e-01
1.29859306e-01
1.27729065e-01
1.25657447e-01
1.23642010e-01
1.21680449e-01
1.19770584e-01
1.17910353e-01
1.16097803e-01
1.14331084e-01
1.12608442e-01
1.10928210e-01
1.09288808e-01
1.07688732e-01
1.06126552e-01
1.04600908e-01
1.03110503e-01
1.01654103e-01
1.00230531e-01
9.88386626e-02
9.74774261e-02
9.61457970e-02
9.48427964e-02
9.35674882e-02
9.23189768e-02
9.10964052e-02
8.98989523e-02
8.87258315e-02
8.75762889e-02
8.64496012e-02
8.53450746e-02
8.42620432e-02
8.31998671e-02
8.21579320e-02
8.11356471e-02
8.01324446e-02
7.91477781e-02
7.81811218e-02
7.72319698e-02
7.62998345e-02
7.53842464e-02
7.44847530e-02
7.36009181e-02
7.27323207e-02
7.18785550e-02
7.10392292e-02
7.02139650e-02
6.94023973e-02
6.86041732e-02
6.78189517e-02
6.70464031e-02
6.62862089e-02
6.55380608e-02
6.48016605e-02
6.40767194e-02
6.33629581e-02
6.26601061e-02
6.19679013e-02
6.12860898e-02
6.06144256e-02
5.99526701e-02
5.93005920e-02
5.86579670e-02
5.80245775e-02
5.74002124e-02
5.67846666e-02
5.61777412e-02
5.55792429e-02
5.49889841e-02
5.44067823e-02
5.38324604e-02
5.32658460e-02
5.27067718e-02
5.21550749e-02
5.16105968e-02
5.10731835e-02
5.05426851e-02
5.00189554e-02
4.95018525e-02
4.89912380e-02
4.84869770e-02
4.79889385e-02
4.74969943e-02
4.70110199e-02
4.65308939e-02
4.60564976e-02
4.55877155e-02
4.51244351e-02
4.46665464e-02
4.42139420e-02
4.37665174e-02
4.33241703e-02
4.28868009e-02
4.24543119e-02
4.20266080e-02
4.16035962e-02
4.11851858e-02
4.07712878e-02
4.03618155e-02
3.99566840e-02
3.95558102e-02
3.91591131e-02
3.87665130e-02
3.83779324e-02
3.79932950e-02
3.76125263e-02
3.72355535e-02
3.68623051e-02
3.64927110e-02
3.61267026e-02
3.57642128e-02
3.54051756e-02
3.50495264e-02
3.46972018e-02
3.43481396e-02
3.40022787e-02
3.36595594e-02
3.33199228e-02
3.29833111e-02
3.26496676e-02
3.23189366e-02
3.19910633e-02
3.16659938e-02
3.13436752e-02
3.10240554e-02
3.07070831e-02
3.03927079e-02
3.00808800e-02
2.97715505e-02
2.94646713e-02
2.91601947e-02
2.88580740e-02
2.85582629e-02
2.82607158e-02
2.79653876e-02
2.76722339e-02
2.73812108e-02
2.70922749e-02
2.68053832e-02
2.65204933e-02
2.62375631e-02
2.59565510e-02
2.56774157e-02
2.54001164e-02
2.51246125e-02
2.48508637e-02
2.45788301e-02
2.43084720e-02
2.40397499e-02
2.37726245e-02
2.35070567e-02
2.32430075e-02
2.29804380e-02
2.27193096e-02
2.24595835e-02
2.22012211e-02
2.19441835e-02
2.16884321e-02
2.14339281e-02
2.11806325e-02
2.09285063e-02
2.06775102e-02
2.04276046e-02
2.01787498e-02
1.99309058e-02
1.96840319e-02
1.94380874e-02
1.91930308e-02
1.89488202e-02
1.87054131e-02
1.84627664e-02
1.82208361e-02
1.79795776e-02
1.77389452e-02
1.74988924e-02
1.72593716e-02
1.70203340e-02
1.67817295e-02
1.65435067e-02
1.63056125e-02
1.60679924e-02
1.58305900e-02
1.55933467e-02
1.53562021e-02
1.51190932e-02
1.48819545e-02
1.46447176e-02
1.44073111e-02
1.41696602e-02
1.39316863e-02
1.36933068e-02
1.34544344e-02
1.32149770e-02
1.29748369e-02
1.27339102e-02
1.24920863e-02
1.22492469e-02
1.20052653e-02
1.17600053e-02
1.15133200e-02
1.12650505e-02
1.10150240e-02
1.07630525e-02
1.05089299e-02
1.02524301e-02
9.99330328e-03
9.73127227e-03
9.46602814e-03
9.19722445e-03
8.92447036e-03
8.64732196e-03
8.36527138e-03
8.07773278e-03
7.78402432e-03
7.48334419e-03
7.17473867e-03
6.85705815e-03
6.52889564e-03
6.18849782e-03
5.83363265e-03
5.46138374e-03
5.06781544e-03
4.64739243e-03
4.19188928e-03
3.68810039e-03
3.11216200e-03
2.41077826e-03
1.36889526e-03
