0.140000
 300
1.04056262e+00
1.03106134e+00
1.02141639e+00
1.01135946e+00
1.00083479e+00
9.89833618e-01
9.78363406e-01
9.66438454e-01
9.54076155e-01
9.41295153e-01
9.28114313e-01
9.14552089e-01
9.00626100e-01
8.86352850e-01
8.71747538e-01
8.56823937e-01
8.41594335e-01
8.26069519e-01
8.10258815e-01
7.94170159e-01
7.77810227e-01
7.61184598e-01
7.44297972e-01
7.27154432e-01
7.09757769e-01
6.92111863e-01
6.74221139e-01
6.56091107e-01
6.37728996e-01
6.19144511e-01
6.00350734e-01
5.81365221e-01
5.62211337e-01
5.42919925e-01
5.23531446e-01
5.04098785e-01
4.84691111e-01
4.65399455e-01
4.46345367e-01
4.27695858e-01
4.09693692e-01
3.92740079e-01
3.77905986e-01
3.64863128e-01
3.52993951e-01
3.42049931e-01
3.31877351e-01
3.22367458e-01
3.13437750e-01
3.05022858e-01
2.97069415e-01
2.89532890e-01
2.82375491e-01
2.75564719e-01
2.69072320e-01
2.62873509e-01
2.56946374e-01
2.51271418e-01
2.45831193e-01
2.40610006e-01
2.35593678e-01
2.30769346e-01
2.26125301e-01
2.21650850e-01
2.17336193e-01
2.13172332e-01
2.09150977e-01
2.05264475e-01
2.01505750e-01
1.97868237e-01
1.94345843e-01
1.90932896e-01
1.87624110e-01
1.84414552e-01
1.81299609e-01
1.78274962e-01
1.75336562e-01
1.72480609e-01
1.69703532e-01
1.67001969e-01
1.64372754e-01
1.61812902e-01
1.59319595e-01
1.56890169e-01
1.54522107e-01
1.52213023e-01
1.49960660e-01
1.47762875e-01
1.45617636e-01
1.43523010e-01
1.41477164e-01
1.39478352e-01
1.37524911e-01
1.35615259e-01
1.33747888e-01
1.31921358e-01
1.30134297e-01
1.28385392e-01
1.26673391e-01
1.24997096e-01
1.23355360e-01
1.21747087e-01
1.20171227e-01
1.18626772e-01
1.17112758e-01
1.15628261e-01
1.14172391e-01
1.12744297e-01
1.11343159e-01
1.09968192e-01
1.08618640e-01
1.07293775e-01
1.05992897e-01
1.04715334e-01
1.03460437e-01
1.02227582e-01
1.01016167e-01
9.98256119e-02
9.86553577e-02
9.75048647e-02
9.63736123e-02
9.52610980e-02
9.41668363e-02
9.30903586e-02
9.20312117e-02
9.09889579e-02
8.99631737e-02
8.89534496e-02
8.79593895e-02
8.69806099e-02
8.60167397e-02
8.50674194e-02
8.41323009e-02
8.32110467e-02
8.23033301e-02
8.14088340e-02
8.05272511e-02
7.96582834e-02
7.88016416e-02
7.79570449e-02
7.71242211e-02
7.63029055e-02
7.54928412e-02
7.46937787e-02
7.39054754e-02
7.31276956e-02
7.23602104e-02
7.16027968e-02
7.08552382e-02
7.01173238e-02
6.93888485e-02
6.86696127e-02
6.79594221e-02
6.72580876e-02
6.65654247e-02
6.58812542e-02
6.52054010e-02
6.45376947e-02
6.38779693e-02
6.32260628e-02
6.25818171e-02
6.19450784e-02
6.13156963e-02
6.06935241e-02
6.00784187e-02
5.94702405e-02
5.88688530e-02
5.82741229e-02
5.76859202e-02
5.71041176e-02
5.65285910e-02
5.59592189e-02
5.53958825e-02
5.48384658e-02
5.42868551e-02
5.37409394e-02
5.32006101e-02
5.26657606e-02
5.21362869e-02
5.16120870e-02
5.10930610e-02
5.05791111e-02
5.00701414e-02
4.95660581e-02
4.90667689e-02
4.85721836e-02
4.80822137e-02
4.75967723e-02
4.71157740e-02
4.66391354e-02
4.61667741e-02
4.56986095e-02
4.52345624e-02
4.47745550e-02
4.43185106e-02
4.38663541e-02
4.34180114e-02
4.29734098e-02
4.25324777e-02
4.20951444e-02
4.16613407e-02
4.12309981e-02
4.08040491e-02
4.03804275e-02
3.99600675e-02
3.95429047e-02
3.91288753e-02
3.87179162e-02
3.83099653e-02
3.79049610e-02
3.75028428e-02
3.71035503e-02
3.67070243e-02
3.63132057e-02
3.59220364e-02
3.55334584e-02
3.51474145e-02
3.47638479e-02
3.43827020e-02
3.40039207e-02
3.36274484e-02
3.32532296e-02
3.28812091e-02
3.25113319e-02
3.21435432e-02
3.17777884e-02
3.14140128e-02
3.10521620e-02
3.06921814e-02
3.03340165e-02
2.99776125e-02
2.96229147e-02
2.92698681e-02
2.89184174e-02
2.85685069e-02
2.82200807e-02
2.78730825e-02
2.75274552e-02
2.71831414e-02
2.68400830e-02
2.64982210e-02
2.61574958e-02
2.58178466e-02
2.54792119e-02
2.51415289e-02
2.48047336e-02
2.44687606e-02
2.41335432e-02
2.37990129e-02
2.34650994e-02
2.31317307e-02
2.27988324e-02
2.24663281e-02
2.21341384e-02
2.18021818e-02
2.14703731e-02
2.11386244e-02
2.08068438e-02
2.04749356e-02
2.01427999e-02
1.98103318e-02
1.94774213e-02
1.91439529e-02
1.88098044e-02
1.84748469e-02
1.81389436e-02
1.78019493e-02
1.74637092e-02
1.71240579e-02
1.67828181e-02
1.64397994e-02
1.60947963e-02
1.57475866e-02
1.53979287e-02
1.50455598e-02
1.46901918e-02
1.43315084e-02
1.39691605e-02
1.36027606e-02
1.32318770e-02
1.28560252e-02
1.24746591e-02
1.20871582e-02
1.16928126e-02
1.12908035e-02
1.08801779e-02
1.04598153e-02
1.00283826e-02
9.58427331e-03
9.12552092e-03
8.64967509e-03
8.15361640e-03
7.63326900e-03
7.08313259e-03
6.49547126e-03
5.85878942e-03
5.15463137e-03
4.34964577e-03
3.36934735e-03
1.91317812e-03
