0.180000
 300
1.03021745e+00
1.02293335e+00
1.01563421e+00
1.00810562e+00
1.00029730e+00
9.92195136e-01
9.83797515e-01
9.75108306e-01
9.66134109e-01
9.56882964e-01
9.47363662e-01
9.37585332e-01
9.27557174e-01
9.17288272e-01
9.06787461e-01
8.96063233e-01
8.85123659e-01
8.73976337e-01
8.62628350e-01
8.51086244e-01
8.39356008e-01
8.27443076e-01
8.15352327e-01
8.03088102e-01
7.90654230e-01
7.78054062e-01
7.65290514e-01
7.52366119e-01
7.39283096e-01
7.26043422e-01
7.12648922e-01
6.99101368e-01
6.85402596e-01
6.71554636e-01
6.57559862e-01
6.43421164e-01
6.29142141e-01
6.14727321e-01
6.00182419e-01
5.85514631e-01
5.70732975e-01
5.55848698e-01
5.40875751e-01
5.25831371e-01
5.10736788e-01
4.95618112e-01
4.80507468e-01
4.65444500e-01
4.50478424e-01
4.35670982e-01
4.21100893e-01
4.06870965e-01
3.93118841e-01
3.79984795e-01
3.68686982e-01
3.58385277e-01
3.48834780e-01
3.39900847e-01
3.31493667e-01
3.23547359e-01
3.16010769e-01
3.08842661e-01
3.02008887e-01
2.95480595e-01
2.89233022e-01
2.83244652e-01
2.77496591e-01
2.71972111e-01
2.66656291e-01
2.61535739e-01
2.56598369e-01
2.51833224e-01
2.47230325e-01
2.42780552e-01
2.38475539e-01
2.34307593e-01
2.30269612e-01
2.26355030e-01
2.22557759e-01
2.18872141e-01
2.15292909e-01
2.11815150e-01
2.08434272e-01
2.05145978e-01
2.01946238e-01
1.98831271e-01
1.95797520e-01
1.92841637e-01
1.89960468e-01
1.87151035e-01
1.84410526e-01
1.81736282e-01
1.79125783e-01
1.76576645e-01
1.74086605e-01
1.71653514e-01
1.69275332e-01
1.66950119e-01
1.64676026e-01
1.62451297e-01
1.60274254e-01
1.58143298e-01
1.56056905e-01
1.54013618e-01
1.52012043e-01
1.50050849e-01
1.48128764e-01
1.46244566e-01
1.44397088e-01
1.42585212e-01
1.40807862e-01
1.39064009e-01
1.37352665e-01
1.35672880e-01
1.34023742e-01
1.32404374e-01
1.30813933e-01
1.29251607e-01
1.27716616e-01
1.26208208e-01
1.24725659e-01
1.23268269e-01
1.21835367e-01
1.20426303e-01
1.19040451e-01
1.17677206e-01
1.16335985e-01
1.15016224e-01
1.13717379e-01
1.12438922e-01
1.11180346e-01
1.09941158e-01
1.08720882e-01
1.07519056e-01
1.06335235e-01
1.05168986e-01
1.04019892e-01
1.02887547e-01
1.01771557e-01
1.00671541e-01
9.95871309e-02
9.85179672e-02
9.74637024e-02
9.64239989e-02
9.53985291e-02
9.43869746e-02
9.33890265e-02
9.24043845e-02
9.14327566e-02
9.04738594e-02
8.95274168e-02
8.85931608e-02
8.76708304e-02
8.67601717e-02
8.58609376e-02
8.49728877e-02
8.40957877e-02
8.32294097e-02
8.23735313e-02
8.15279362e-02
8.06924134e-02
7.98667573e-02
7.90507673e-02
7.82442479e-02
7.74470085e-02
7.66588629e-02
7.58796295e-02
7.51091312e-02
7.43471948e-02
7.35936513e-02
7.28483358e-02
7.21110870e-02
7.13817472e-02
7.06601626e-02
6.99461826e-02
6.92396600e-02
6.85404507e-02
6.78484140e-02
6.71634121e-02
6.64853100e-02
6.58139757e-02
6.51492800e-02
6.44910962e-02
6.38393002e-02
6.31937705e-02
6.25543881e-02
6.19210360e-02
6.12935998e-02
6.06719671e-02
6.00560276e-02
5.94456734e-02
5.88407980e-02
5.82412974e-02
5.76470690e-02
5.70580122e-02
5.64740283e-02
5.58950199e-02
5.53208914e-02
5.47515489e-02
5.41868997e-02
5.36268529e-02
5.30713186e-02
5.25202086e-02
5.19734357e-02
5.14309142e-02
5.08925594e-02
5.03582878e-02
4.98280170e-02
4.93016656e-02
4.87791532e-02
4.82604004e-02
4.77453286e-02
4.72338603e-02
4.67259183e-02
4.62214267e-02
4.57203100e-02
4.52224934e-02
4.47279027e-02
4.42364644e-02
4.37481052e-02
4.32627527e-02
4.27803345e-02
4.23007789e-02
4.18240141e-02
4.13499690e-02
4.08785724e-02
4.04097533e-02
3.99434409e-02
3.94795643e-02
3.90180526e-02
3.85588348e-02
3.81018397e-02
3.76469960e-02
3.71942319e-02
3.67434753e-02
3.62946536e-02
3.58476938e-02
3.54025221e-02
3.49590640e-02
3.45172441e-02
3.40769864e-02
3.36382133e-02
3.32008466e-02
3.27648065e-02
3.23300119e-02
3.18963799e-02
3.14638262e-02
3.10322645e-02
3.06016064e-02
3.01717611e-02
2.97426356e-02
2.93141340e-02
2.88861575e-02
2.84586040e-02
2.80313681e-02
2.76043402e-02
2.71774068e-02
2.67504495e-02
2.63233452e-02
2.58959648e-02
2.54681735e-02
2.50398297e-02
2.46107844e-02
2.41808804e-02
2.37499518e-02
2.33178227e-02
2.28843060e-02
2.24492026e-02
2.20122998e-02
2.15733695e-02
2.11321668e-02
2.06884274e-02
2.02418655e-02
1.97921708e-02
1.93390049e-02
1.88819977e-02
1.84207426e-02
1.79547907e-02
1.74836441e-02
1.70067477e-02
1.65234791e-02
1.60331362e-02
1.55349216e-02
1.50279229e-02
1.45110881e-02
1.39831925e-02
1.34427960e-02
1.28881859e-02
1.23172975e-02
1.17276041e-02
1.11159571e-02
1.04783481e-02
9.80953980e-03
9.10246464e-03
8.34718228e-03
7.52892140e-03
6.62396709e-03
5.58946388e-03
4.32969964e-03
2.45845859e-03
