0.0997765
8.80505 0.545913 100
1.0260865351649204
0.9995345250092904
0.9580277043372292
0.9065016914670861
0.8489543091579332
0.7901014486374178
0.7389372904075019
0.701960237323193
0.671778811625765
0.6459026734181516
0.6231258941061342
0.6027228656733785
0.5842101727323589
0.5672448798657508
0.5515728518403143
0.5369995246082991
0.523372099604641
0.5105680823024228
0.4984875815934345
0.4870479546554903
0.4761799756033866
0.46582502802116554
0.45593300526425623
0.44646071202391935
0.4373706284368866
0.4286299412818835
0.42020977516767577
0.41208457566184226
0.4042316093678352
0.3966305550829246
0.3892631666532335
0.3821129928205145
0.3751651427783468
0.36840608869117675
0.36182349833064875
0.3554060924242748
0.34914352241314195
0.343026265166714
0.3370455318654527
0.3311931887823064
0.3254616881055921
0.31984400727318074
0.31433359555099377
0.3089243267996137
0.3036104575453361
0.29838658961073333
0.2932476366752142
0.28818879422912785
0.28320551246319414
0.2782934716987615
0.27344856001756096
0.268666852793836
0.2639445938680379
0.25927817813162446
0.25466413531709975
0.25009911480781855
0.245579871298248
0.24110325114750578
0.236666179278908
0.23226564648411566
0.22789869699350732
0.22356241617522082
0.21925391822183296
0.21497033367805005
0.21070879665228906
0.2064664315414827
0.20224033907869246
0.1980275814883749
0.19382516650111284
0.18963002993818226
0.18543901652240224
0.1812488585038397
0.17705615160090593
0.1728573276450482
0.1686486231710166
0.16442604300483885
0.16018531765125085
0.15592185295104405
0.15163067003369626
0.14730633298806364
0.14294286084554864
0.1385336193174089
0.13407118609801918
0.12954718120279174
0.12495205037776556
0.12027478448760612
0.11550254993894192
0.11062019287022429
0.10560955990618082
0.10044854493638165
0.09510971340235003
0.0895582500634481
0.08374877349904572
0.07762014481670027
0.07108647323053609
0.06402024012610404
0.05621700640514484
0.047308944615941775
0.036490099275965575
0.020979100865404825