1.0011 
0.69594 0.60338 100
1.0818154122275914
1.0814584443634805
1.0808086640198051
1.0798921284828769
1.0787251362919137
1.0773197650304878
1.0756853438453864
1.0738295889602114
1.0717589488036685
1.0694789217471865
1.0669943607775845
1.0643094209685187
1.0614278979646339
1.058353072627614
1.0550879430738456
1.0516352061436873
1.047997201381245
1.0441762314530265
1.0401740664494101
1.0359927284635657
1.0316335076338035
1.027098172599397
1.0223876767431073
1.0175034801580987
1.0124463379683755
1.0072173479705797
1.0018171802753004
0.9962465220103782
0.9905060478055742
0.9845959981432767
0.9785171101684887
0.9722691711355328
0.965852982658107
0.9592679448625352
0.9525148150216022
0.9455928120486107
0.9385024326096799
0.9312429092276459
0.9238143171274638
0.916216050796194
0.9084476368898063
0.9005087445734761
0.892398259500908
0.884116189443106
0.8756607473710897
0.8670322463206278
0.8582283394025263
0.8492494070182589
0.8400929201134683
0.8307588956211694
0.821244977059096
0.8115504968388293
0.8016735472275586
0.7916125110822256
0.7813661527986959
0.7709316969671691
0.7603087250348921
0.7494932047743156
0.7384854956895718
0.7272805094545616
0.7158789221895676
0.7042753517549448
0.6924699162743315
0.6804577008063589
0.6682375746214796
0.6558057599391028
0.643159250161948
0.6302960512803574
0.6172107237484574
0.6039036350048786
0.5903665702812849
0.5766025058303675
0.562600884661563
0.5483665494150367
0.5338886599377222
0.5191721321406431
0.5042083776374069
0.4890010502303001
0.47354695237835476
0.45784752389980826
0.4419095677678527
0.4257325110277943
0.40934081718355153
0.3927364781636906
0.37597731094350584
0.35909355887206956
0.34224568828353713
0.32572903731061587
0.30934014236398516
0.2928469033013836
0.2761041673404146
0.25897264482453924
0.24129628656530785
0.22288243998722085
0.2034740306633273
0.18270076057035728
0.1599791413807103
0.13426899206615078
0.10330050081575579
0.059246408703143204