0.120000
 300
1.04486948e+00
1.03366585e+00
1.02218756e+00
1.01012995e+00
9.97437808e-01
9.84111064e-01
9.70168332e-01
9.55635630e-01
9.40541725e-01
9.24915791e-01
9.08786072e-01
8.92179068e-01
8.75119011e-01
8.57627564e-01
8.39723665e-01
8.21423507e-01
8.02740635e-01
7.83686158e-01
7.64269070e-01
7.44496696e-01
7.24375254e-01
7.03910570e-01
6.83108949e-01
6.61978233e-01
6.40529088e-01
6.18776572e-01
5.96742059e-01
5.74455629e-01
5.51959097e-01
5.29309937e-01
5.06586535e-01
4.83895474e-01
4.61382142e-01
4.39246600e-01
4.17763686e-01
3.97156441e-01
3.80426553e-01
3.65657400e-01
3.52308555e-01
3.40089876e-01
3.28811672e-01
3.18337299e-01
3.08562475e-01
2.99404500e-01
2.90795976e-01
2.82680829e-01
2.75011660e-01
2.67747878e-01
2.60854358e-01
2.54300430e-01
2.48059110e-01
2.42106505e-01
2.36421332e-01
2.30984539e-01
2.25778993e-01
2.20789227e-01
2.16001220e-01
2.11402225e-01
2.06980614e-01
2.02725751e-01
1.98627882e-01
1.94678039e-01
1.90867959e-01
1.87190012e-01
1.83637138e-01
1.80202792e-01
1.76880899e-01
1.73665804e-01
1.70552242e-01
1.67535300e-01
1.64610386e-01
1.61773205e-01
1.59019733e-01
1.56346195e-01
1.53749047e-01
1.51224955e-01
1.48770783e-01
1.46383575e-01
1.44060545e-01
1.41799060e-01
1.39596634e-01
1.37450915e-01
1.35359678e-01
1.33320814e-01
1.31332323e-01
1.29392308e-01
1.27498966e-01
1.25650587e-01
1.23845542e-01
1.22082281e-01
1.20359328e-01
1.18675279e-01
1.17028792e-01
1.15418588e-01
1.13843447e-01
1.12302201e-01
1.10793737e-01
1.09316988e-01
1.07870935e-01
1.06454601e-01
1.05067051e-01
1.03707390e-01
1.02374758e-01
1.01068331e-01
9.97873189e-02
9.85309627e-02
9.72985333e-02
9.60893301e-02
9.49026798e-02
9.37379347e-02
9.25944718e-02
9.14716915e-02
9.03690165e-02
8.92858906e-02
8.82217781e-02
8.71761623e-02
8.61485453e-02
8.51384467e-02
8.41454028e-02
8.31689663e-02
8.22087050e-02
8.12642016e-02
8.03350530e-02
7.94208694e-02
7.85212739e-02
7.76359023e-02
7.67644019e-02
7.59064317e-02
7.50616614e-02
7.42297714e-02
7.34104519e-02
7.26034030e-02
7.18083339e-02
7.10249630e-02
7.02530169e-02
6.94922308e-02
6.87423475e-02
6.80031176e-02
6.72742992e-02
6.65556571e-02
6.58469631e-02
6.51479957e-02
6.44585394e-02
6.37783850e-02
6.31073291e-02
6.24451740e-02
6.17917274e-02
6.11468022e-02
6.05102165e-02
5.98817932e-02
5.92613600e-02
5.86487491e-02
5.80437972e-02
5.74463450e-02
5.68562378e-02
5.62733243e-02
5.56974575e-02
5.51284939e-02
5.45662935e-02
5.40107200e-02
5.34616404e-02
5.29189248e-02
5.23824465e-02
5.18520820e-02
5.13277105e-02
5.08092143e-02
5.02964782e-02
4.97893899e-02
4.92878395e-02
4.87917196e-02
4.83009255e-02
4.78153545e-02
4.73349064e-02
4.68594831e-02
4.63889887e-02
4.59233292e-02
4.54624128e-02
4.50061496e-02
4.45544515e-02
4.41072324e-02
4.36644076e-02
4.32258945e-02
4.27916120e-02
4.23614806e-02
4.19354223e-02
4.15133607e-02
4.10952208e-02
4.06809291e-02
4.02704134e-02
3.98636028e-02
3.94604277e-02
3.90608198e-02
3.86647118e-02
3.82720380e-02
3.78827332e-02
3.74967339e-02
3.71139772e-02
3.67344014e-02
3.63579458e-02
3.59845505e-02
3.56141566e-02
3.52467062e-02
3.48821420e-02
3.45204077e-02
3.41614476e-02
3.38052068e-02
3.34516313e-02
3.31006675e-02
3.27522626e-02
3.24063644e-02
3.20629212e-02
3.17218822e-02
3.13831966e-02
3.10468144e-02
3.07126862e-02
3.03807627e-02
3.00509952e-02
2.97233354e-02
2.93977353e-02
2.90741471e-02
2.87525234e-02
2.84328172e-02
2.81149813e-02
2.77989691e-02
2.74847338e-02
2.71722290e-02
2.68614082e-02
2.65522249e-02
2.62446328e-02
2.59385853e-02
2.56340359e-02
2.53309378e-02
2.50292443e-02
2.47289082e-02
2.44298821e-02
2.41321183e-02
2.38355688e-02
2.35401849e-02
2.32459178e-02
2.29527178e-02
2.26605346e-02
2.23693173e-02
2.20790143e-02
2.17895728e-02
2.15009394e-02
2.12130594e-02
2.09258771e-02
2.06393355e-02
2.03533760e-02
2.00679388e-02
1.97829622e-02
1.94983829e-02
1.92141353e-02
1.89301521e-02
1.86463632e-02
1.83626961e-02
1.80790755e-02
1.77954230e-02
1.75116569e-02
1.72276917e-02
1.69434377e-02
1.66588011e-02
1.63736830e-02
1.60879789e-02
1.58015788e-02
1.55143656e-02
1.52262152e-02
1.49369952e-02
1.46465643e-02
1.43547708e-02
1.40614518e-02
1.37664318e-02
1.34695205e-02
1.31705115e-02
1.28691799e-02
1.25652793e-02
1.22585394e-02
1.19486612e-02
1.16353136e-02
1.13181271e-02
1.09966876e-02
1.06705276e-02
1.03391164e-02
1.00018469e-02
9.65801866e-03
9.30681638e-03
8.94728151e-03
8.57827377e-03
8.19841876e-03
7.80603430e-03
7.39902424e-03
6.97472001e-03
6.52963492e-03
6.05906370e-03
5.55638856e-03
5.01177555e-03
4.40943660e-03
3.72084118e-03
2.88227077e-03
1.63661389e-03
