5.3579046841534e-08
5.46219221871106e-08
5.56538799762497e-08
5.67115396336015e-08
5.78743762923217e-08
5.91715319720426e-08
6.06264096733671e-08
6.2298900793062e-08
6.31563903403665e-08
6.39076944629472e-08
6.46754478531685e-08
6.55512429655807e-08
6.65713470875799e-08
6.77552672049515e-08
6.91117331546862e-08
7.06441783829979e-08
7.17524541084231e-08
7.25567365256002e-08
7.33645282277576e-08
7.42330472262221e-08
7.52668236418175e-08
7.64680313604756e-08
7.78361558501243e-08
7.93677450433378e-08
8.06183712749082e-08
8.14586064096883e-08
8.23034404710754e-08
8.32124594625804e-08
8.42914184576292e-08
8.55356866148029e-08
8.69386011398036e-08
8.86409004184551e-08
9.11196875630978e-08
9.40255790306956e-08
9.54368673482739e-08
9.67888298534438e-08
9.81752586202902e-08
9.97614349747815e-08
1.01607237717399e-07
1.03806502579131e-07
1.06263655903162e-07
1.07684547549407e-07
1.09015172365586e-07
1.10370166126358e-07
1.11918305533125e-07
1.13715848954417e-07
1.15784751643445e-07
1.18129476976771e-07
1.20748606292601e-07
1.22244049756587e-07
1.23685397982995e-07
1.2517092111348e-07
1.26863971312112e-07
1.28805251031799e-07
1.31009048818992e-07
1.33475394972409e-07
1.35056196134677e-07
1.36543602051227e-07
1.38058396381309e-07
1.39700333791614e-07
1.41645151046954e-07
1.43391958641095e-07
1.46147425155858e-07
1.49313358609855e-07
1.53051205289462e-07
1.57194118845356e-07
1.60972621066488e-07
1.63300572878414e-07
1.65617501118199e-07
1.68086849657285e-07
1.71004306980038e-07
1.74389060331109e-07
1.78355449391116e-07
1.81594730529383e-07
1.84040261580088e-07
1.86471314534907e-07
1.89049637203577e-07
1.92060118589349e-07
1.95514151496869e-07
1.99411938010557e-07
2.0198813777953e-07
2.04418029195841e-07
2.06907648696488e-07
2.09744821702262e-07
2.12993251030035e-07
2.16663623645145e-07
2.20745486946324e-07
2.2342744900928e-07
2.25994422271845e-07
2.28635338541143e-07
2.31503679317047e-07
2.37468849493277e-07
2.41580878521098e-07
2.45511659610388e-07
2.49600559827692e-07
2.5436919544192e-07
2.60073825476157e-07
2.66446900943654e-07
2.71840204429572e-07
2.7558646998471e-07
2.79425490221512e-07
2.838390682532e-07
2.88976036031451e-07
2.94889448471175e-07
3.0158290846595e-07
3.05715927794828e-07
3.09788959210311e-07
3.14068933039213e-07
3.19027932848245e-07
3.24710034264084e-07
3.31120818092018e-07
3.35427291913306e-07
3.39592909945543e-07
3.43924073345743e-07
3.48893455649651e-07
3.54557478858066e-07
3.60915641056808e-07
3.65317892574857e-07
3.69598961096449e-07
3.74057359447391e-07
3.79154114891967e-07
3.86165990720363e-07
3.95843603287383e-07
4.07060135641989e-07
4.13651752716612e-07
4.20143144647071e-07
4.2700859993186e-07
4.35089515905453e-07
4.44755943842872e-07
4.53124543822802e-07
4.59256862301738e-07
4.65647645295394e-07
4.73117865453987e-07
4.81812609713194e-07
4.91765990311705e-07
4.98866874817261e-07
5.05705863436444e-07
5.12835241208766e-07
5.21066552068642e-07
5.30464019623665e-07
5.41008941202232e-07
5.48361762807262e-07
5.55530634982299e-07
5.63016528572578e-07
5.71603378084527e-07
5.81336019910846e-07
5.88903603153511e-07
5.96114203938295e-07
6.03552868612915e-07
6.12018517137784e-07
6.21573252913654e-07
6.31042647729403e-07
6.44316652521631e-07
6.60262717725204e-07
6.78533500495663e-07
6.89735648398623e-07
7.00894774986381e-07
7.13165002641578e-07
7.2721378192679e-07
7.43782139854975e-07
7.55068886599562e-07
7.66136105123278e-07
7.77851467777183e-07
7.91612287723466e-07
8.07463008321584e-07
8.19134989195679e-07
8.30603505359799e-07
8.4271238103803e-07
8.56793143092917e-07
8.72823355564843e-07
8.84939753252369e-07
8.96824518379758e-07
9.09314649094607e-07
9.23692290967959e-07
9.39909751529955e-07
9.52379404532618e-07
9.64629205125078e-07
9.77473312020614e-07
9.92148446153404e-07
1.00857881760414e-06
1.02176664752299e-06
1.03351124404522e-06
1.05218681663623e-06
1.0764139300665e-06
1.10511764674807e-06
1.12538826106714e-06
1.14509646280232e-06
1.16580483466874e-06
1.19057630715136e-06
1.21822947750379e-06
1.23790023148184e-06
1.25740142836659e-06
1.27811338169413e-06
1.30235630351293e-06
1.32544715204083e-06
1.34446204775617e-06
1.36412333053057e-06
1.38676407519201e-06
1.4126663185146e-06
1.43286761574531e-06
1.45297497467624e-06
1.47429876098011e-06
1.49896305898138e-06
1.52671997501541e-06
1.54756133438614e-06
1.56845551794313e-06
1.59059474262897e-06
1.61605507947368e-06
1.63726487230492e-06
1.65801456754149e-06
1.67976705829624e-06
1.7100549906566e-06
1.7453357192162e-06
1.78663505912994e-06
1.83225403965025e-06
1.86440941634907e-06
1.89651571847188e-06
1.93205391552607e-06
1.97271455763882e-06
2.00395208534288e-06
2.03543696490302e-06
2.07067816062694e-06
2.11093282392176e-06
2.14421137341918e-06
2.17670435581863e-06
2.21106366310328e-06
2.25110371158493e-06
2.2965646367324e-06
2.33086657959971e-06
2.36556879539638e-06
2.40262201546033e-06
2.44561562712723e-06
2.47944789966016e-06
2.51391344067009e-06
2.55088168684566e-06
2.59383104967459e-06
2.62943929867977e-06
2.66474223159485e-06
2.70197234285344e-06
2.74463305455195e-06
2.78047397446116e-06
2.81708680853123e-06
2.87267384359199e-06
2.94320511796766e-06
2.9987477348694e-06
3.05477585076968e-06
3.11729038782718e-06
3.18826230741626e-06
3.24342427475927e-06
3.29910703281852e-06
3.3611388013489e-06
3.43153464287764e-06
3.4865580028707e-06
3.54268046141504e-06
3.6056601501272e-06
3.67402064701532e-06
3.73031745047574e-06
3.78807623169835e-06
3.85285071106826e-06
3.90871993458691e-06
3.96445416057477e-06
4.02403529846593e-06
4.09348747350351e-06
4.1534829506299e-06
4.21306732986749e-06
4.27591415765631e-06
4.34770592703001e-06
4.40855038810988e-06
4.4693275659659e-06
4.53358137974545e-06
4.59397731443239e-06
4.67729354448461e-06
4.78793504188789e-06
4.87754360008243e-06
4.97027470705939e-06
5.0768224391864e-06
5.16867603334121e-06
5.25996158872253e-06
5.36113600634786e-06
5.47623371898271e-06
5.56964859116941e-06
5.66523945925218e-06
5.77271645440075e-06
5.86629231524089e-06
5.95997872591137e-06
6.06383833759184e-06
6.18102245660688e-06
6.27963690277145e-06
6.37873814031438e-06
6.48805370312563e-06
6.58334385302958e-06
6.67976520999457e-06
6.78720301483698e-06
6.88469511916861e-06
6.98291179414006e-06
7.08770682060584e-06
7.20819217913876e-06
7.31227728279498e-06
7.41664575662041e-06
7.52692435269068e-06
7.63016119036433e-06
7.75892946631136e-06
7.90727639991748e-06
8.0865466384787e-06
8.26135689451278e-06
8.41489724994142e-06
8.58205134845088e-06
8.77267930959887e-06
8.9287770836397e-06
9.09096916063537e-06
9.27643609286248e-06
9.43490593286228e-06
9.59629718347134e-06
9.77806303336054e-06
9.93595565027458e-06
1.00974643676473e-05
1.02798368155258e-05
1.04403900240898e-05
1.06044566349358e-05
1.07886911130113e-05
1.09519055411514e-05
1.11184743546286e-05
1.13046020049525e-05
1.14701987269357e-05
1.16391620785731e-05
1.18273396048549e-05
1.19951597044974e-05
1.2166470407332e-05
1.23568245259072e-05
1.25266906318163e-05
1.27002722027416e-05
1.29488969595673e-05
1.31962909131775e-05
1.34544307725437e-05
1.3753642735512e-05
1.40210054381066e-05
1.42914073707662e-05
1.45937962294331e-05
1.48603154525624e-05
1.51322562920654e-05
1.54392487250366e-05
1.57089492184258e-05
1.59858793748065e-05
1.6268318568088e-05
1.65443303164017e-05
1.68301949438917e-05
1.7102184525257e-05
1.73757707415434e-05
1.76808773012436e-05
1.79595797867351e-05
1.82453720931899e-05
1.85649970101789e-05
1.88495396402172e-05
1.91415781122328e-05
1.94195330070125e-05
1.96989570063491e-05
2.00091894407063e-05
2.03024442903209e-05
2.05962629894431e-05
2.09089803836483e-05
2.1208068602621e-05
2.15730166544395e-05
2.2066441005678e-05
2.25126411855531e-05
2.29972715481074e-05
2.3434313879094e-05
2.38856397579583e-05
2.44041235094959e-05
2.48624460524758e-05
2.53375365663327e-05
2.57756429659108e-05
2.6230333446138e-05
2.67091519370772e-05
2.71792700709947e-05
2.76677359655083e-05
2.81329828403562e-05
2.86054788655445e-05
2.90626495900306e-05
2.95273723718841e-05
3.0048825276005e-05
3.05402744950795e-05
3.1033719141476e-05
3.15018963138567e-05
3.19757708119092e-05
3.25071186375894e-05
3.30080771675253e-05
3.35149238234625e-05
3.39945123576463e-05
3.4481953407158e-05
3.49598266586744e-05
3.54513151843473e-05
3.61940017851118e-05
3.69295135055335e-05
3.76996527166345e-05
3.84500650580163e-05
3.9215339292779e-05
4.00830259072848e-05
4.08603199590338e-05
4.16711747016923e-05
4.24225774900017e-05
4.32108064317499e-05
4.39747612000242e-05
4.476284257331e-05
4.55309788145196e-05
4.63204397098379e-05
4.71008293658217e-05
4.7900348439001e-05
4.8795711352358e-05
4.96103923648311e-05
5.04564844969726e-05
5.1262825214576e-05
5.20901676556954e-05
5.28854321766562e-05
5.37071949824099e-05
5.45102668440907e-05
5.53427111068692e-05
5.61601374406731e-05
5.70026909272054e-05
5.78285690911067e-05
5.86752351010681e-05
5.95065528298612e-05
6.06221144643014e-05
6.19332806613853e-05
6.32204424246286e-05
6.4553573715934e-05
6.58447506246052e-05
6.71713372278921e-05
6.84591294257583e-05
6.97881005271225e-05
7.10878209755044e-05
7.24330350871007e-05
7.37490080092696e-05
7.51092745037956e-05
7.64366833209703e-05
7.78081721523676e-05
7.9145387459153e-05
8.05289786251236e-05
8.18773301369154e-05
8.32746953671801e-05
8.46345598330262e-05
8.60458448227944e-05
8.74166529760329e-05
8.88416584290464e-05
9.02231181247967e-05
9.15304732145007e-05
9.28634832219907e-05
9.42440383324933e-05
9.56908280708174e-05
9.71237172193921e-05
9.85810616757182e-05
9.9994730436273e-05
0.000102022163908233
0.000104118951605039
0.000106233010091312
0.000108446025357679
0.000110632500195911
0.000112903877991936
0.000115110896815992
0.000117408536081114
0.000119631021578515
0.000121712277208609
0.000123896714914673
0.000126126227388686
0.000128467333483399
0.000130760715576724
0.000133131388891597
0.000135419082736501
0.000137573987258002
0.00013978269942225
0.000142041013381815
0.000144438901017025
0.000146812567862775
0.000149064060902779
0.000151343687155431
0.000153655831809306
0.000156085598767866
0.000158490882319782
0.000160784485815297
0.000163110199658217
0.000165471423274988
0.000167947075468191
0.000171149457895016
0.000174852650663683
0.000178517358468609
0.00018245398132257
0.000186211916617053
0.000189651562401569
0.000193403849810597
0.000197072745122281
0.000200620852135495
0.000204319484736196
0.000208060019177452
0.000211758476380265
0.000215564872436171
0.00021936711145255
0.000223357894218303
0.000227265346568174
0.000230977519978747
0.000234810680351723
0.000238634003601552
0.000242397131303228
0.000246328056562579
0.000250252125146197
0.000254073759555899
0.000258027256389225
0.000261969162868334
0.000265824416849426
0.000269819184981728
0.0002738072917866
0.000277707040119698
0.00028174392485772
0.000287319185695896
0.000293159882268446
0.000299733353074882
0.000306019723396544
0.000311800851197044
0.000317787603700421
0.000323933349557772
0.0003300358275269
0.000336042724778868
0.000342331123518285
0.000348653827763226
0.000354831133399306
0.000361274050036982
0.000367669361397776
0.000373873469444895
0.000379919341756239
0.000386253410049462
0.000392712292150037
0.00039910447378476
0.000405761836403694
0.000412337035406469
0.000418685114615125
0.000424850667589303
0.000431328936437663
0.000437925327871621
0.000444458724349449
0.000450840672851405
0.000457456439031024
0.00046412369491035
0.000470689620748203
0.00047938315727676
0.000489969996597344
0.000500424872179595
0.000510470851152708
0.000520111667636216
0.000529737249965042
0.000540202611326927
0.000550555454023576
0.000560641611567259
0.000570545353582744
0.000581027879373509
0.000591634465818294
0.000602025146865576
0.000612093076954964
0.000622129913546262
0.000632718327001328
0.000643468446231772
0.000654008983498049
0.000664233986515592
0.000674970130410074
0.000685791747648769
0.000696430139821627
0.000706794303611883
0.000717066621793157
0.000727971224341812
0.000739004138690878
0.000749827259985976
0.000760327675869525
0.000770698047268857
0.000781325520173621
0.000796025493724793
0.000813407433922997
0.000830490893355581
0.000846923830030429
0.00086278912154288
0.000878557227068583
0.000894812523727216
0.000912597469074221
0.000929842799276013
0.000946350472362121
0.000962376591773652
0.000978458807598445
0.000995053488787748
0.00101226410240957
0.00102974621266777
0.00104689684699157
0.00106362729478431
0.00108013964972275
0.00109678858025174
0.00111379003372965
0.0011317936474157
0.00114973100841526
0.00116707517519089
0.00118383273028011
0.0012004008787947
0.00121724388231086
0.00123451015051812
0.0012519189854991
0.00127003977021353
0.00128804595318414
0.00131056460825657
0.00133724153849255
0.00136455213367361
0.00139172966273335
0.00141826296362699
0.00144422026553472
0.00147008392366903
0.0014963275196957
0.00152301064429344
0.00154981361303166
0.00157815235052348
0.00160639300837672
0.00163375018806674
0.00166021292561844
0.00168629095415943
0.0017125699289593
0.00173932553637364
0.00176641771458125
0.00179355076210092
0.00182062157284808
0.0018477868508541
0.00187651543534875
0.00190528020435119
0.00193326026885372
0.001960401069966
0.00198714367011119
0.00201400241759889
0.00204123403576373
0.00206876081546136
0.00209635944984409
0.00213647445494513
0.00217832443632686
0.00222094468718861
0.00226325433855875
0.0023048782937081
0.00234612502667916
0.0023875096244348
0.00242929796909623
0.00247139213953999
0.00251356038834718
0.00255572388189488
0.00259796716802141
0.00264037597670028
0.00268292164157184
0.00272553428233755
0.00276902102376939
0.00281401083541126
0.0028581402545144
0.00290192140353657
0.0029448765931679
0.00298721033421563
0.00302939555003293
0.00307179374867265
0.00311449918151833
0.00315740631521488
0.00320037307407132
0.00324333518765378
0.00328631486931613
0.00332936281845344
0.00337250411162642
0.00343069005551569
0.00349549366872693
0.00356074488356285
0.00362695409864882
0.00369308931622506
0.00375868045878622
0.00382421405884963
0.00389007803450581
0.00395607397936594
0.00402198163885215
0.00408790205236313
0.00415587075827007
0.00422248416586119
0.00428729224915083
0.004352410200064
0.00441906942057144
0.00448946600886063
0.00455425075816323
0.00462237128995489
0.00468724570312207
0.00475536920477523
0.00482494006840227
0.00488844319852498
0.00495557402626627
0.00502473457454282
0.00509311764923198
0.00515593905590596
0.00522261812154805
0.00529164645783645
0.00536018999538281
0.00544299203685755
0.0055423136808213
0.00564492358298143
0.00574702272683184
0.00584745263132101
0.00594764097781789
0.00604857305464624
0.00614987286418167
0.00625098635719219
0.0063519210656742
0.00645293508102036
0.00655410703953221
0.00665534470618383
0.0067565827400665
0.00685784102917066
0.00695915559686841
0.00706052957078746
0.00716194724764296
0.00726340072986388
0.00736489296726697
0.00746642843681775
0.0075680053903136
0.00766962159350468
0.00777127601487876
0.00787296834588529
0.00797469809194696
0.0080764643873694
0.00817826630557322
0.00828010307538809
0.00838197404915452
0.00852874090263983
0.0086844998078467
0.00884108769579841
0.00899738159999624
0.00915268491629295
0.00930716361667745
0.00946130850434808
0.00961546431961415
0.00976972712916465
0.00992405759053101
0.0100784040757731
0.0102327515166785
0.0103871132505091
0.0105415084505313
0.0106959491695326
0.0108504392399188
0.0110049783202206
0.0111415687442744
0.0112984870749083
0.011458003764502
0.0115989430974077
0.0117594756802706
0.0119021944464528
0.0120471506088294
