5.37326385689176e-07
5.46281825450663e-07
5.55237265212149e-07
5.64192704973635e-07
5.73148144735121e-07
5.82103584496608e-07
5.91059024258094e-07
6.0001446401958e-07
6.08969903781066e-07
6.17925343542553e-07
6.26880783304039e-07
6.35836223065525e-07
6.44791662827012e-07
6.53747102588498e-07
6.62702542349984e-07
6.7165798211147e-07
6.80613421872957e-07
6.89568861634443e-07
6.98524301395929e-07
7.07479741157415e-07
7.16435180918902e-07
7.25390620680388e-07
7.34346060441874e-07
7.43301500203361e-07
7.52256939964847e-07
7.61212379726333e-07
7.70167819487819e-07
7.79123259249306e-07
7.88078699010792e-07
7.97034138772278e-07
8.05989578533764e-07
8.19422738175994e-07
8.32855897818223e-07
8.46289057460453e-07
8.59722217102682e-07
8.73155376744912e-07
8.86588536387141e-07
9.0002169602937e-07
9.134548556716e-07
9.26888015313829e-07
9.40321174956059e-07
9.53754334598288e-07
9.67187494240517e-07
9.80620653882747e-07
9.94053813524976e-07
1.00748697316721e-06
1.02092013280944e-06
1.03435329245166e-06
1.04778645209389e-06
1.06121961173612e-06
1.07465277137835e-06
1.08808593102058e-06
1.10151909066281e-06
1.11495225030504e-06
1.12838540994727e-06
1.1418185695895e-06
1.15525172923173e-06
1.16868488887396e-06
1.18211804851619e-06
1.19555120815842e-06
1.20898436780065e-06
1.22913410726399e-06
1.24928384672734e-06
1.26943358619068e-06
1.28958332565402e-06
1.30973306511737e-06
1.32988280458071e-06
1.35003254404406e-06
1.3701822835074e-06
1.39033202297074e-06
1.41048176243409e-06
1.43063150189743e-06
1.45078124136078e-06
1.47093098082412e-06
1.49108072028746e-06
1.51123045975081e-06
1.53138019921415e-06
1.5515299386775e-06
1.57167967814084e-06
1.59182941760418e-06
1.61197915706753e-06
1.63212889653087e-06
1.65227863599422e-06
1.67242837545756e-06
1.69257811492091e-06
1.71272785438425e-06
1.73287759384759e-06
1.75302733331094e-06
1.77317707277428e-06
1.79332681223763e-06
1.81347655170097e-06
1.84370116089599e-06
1.873925770091e-06
1.90415037928602e-06
1.93437498848104e-06
1.96459959767605e-06
1.99482420687107e-06
2.02504881606608e-06
2.0552734252611e-06
2.08549803445612e-06
2.11572264365113e-06
2.14594725284615e-06
2.17617186204116e-06
2.20639647123618e-06
2.2366210804312e-06
2.26684568962621e-06
2.29707029882123e-06
2.32729490801625e-06
2.35751951721126e-06
2.38774412640628e-06
2.41796873560129e-06
2.44819334479631e-06
2.47841795399133e-06
2.50864256318634e-06
2.53886717238136e-06
2.56909178157637e-06
2.59931639077139e-06
2.62954099996641e-06
2.65976560916142e-06
2.68999021835644e-06
2.72021482755146e-06
2.76555174134398e-06
2.8108886551365e-06
2.85622556892903e-06
2.90156248272155e-06
2.94689939651408e-06
2.9922363103066e-06
3.03757322409913e-06
3.08291013789165e-06
3.12824705168417e-06
3.1735839654767e-06
3.21892087926922e-06
3.26425779306175e-06
3.30959470685427e-06
3.35493162064679e-06
3.40026853443932e-06
3.44560544823184e-06
3.49094236202437e-06
3.53627927581689e-06
3.58161618960942e-06
3.62695310340194e-06
3.67229001719446e-06
3.71762693098699e-06
3.76296384477951e-06
3.80830075857204e-06
3.85363767236456e-06
3.89897458615709e-06
3.94431149994961e-06
3.98964841374213e-06
4.03498532753466e-06
4.08032224132718e-06
4.14832761201597e-06
4.21633298270476e-06
4.28433835339354e-06
4.35234372408233e-06
4.42034909477112e-06
4.4883544654599e-06
4.55635983614869e-06
4.62436520683748e-06
4.69237057752626e-06
4.76037594821505e-06
4.82838131890383e-06
4.89638668959262e-06
4.96439206028141e-06
5.03239743097019e-06
5.10040280165898e-06
5.16840817234777e-06
5.23641354303655e-06
5.30441891372534e-06
5.37242428441413e-06
5.44042965510291e-06
5.5084350257917e-06
5.57644039648048e-06
5.64444576716927e-06
5.71245113785806e-06
5.78045650854684e-06
5.84846187923563e-06
5.91646724992442e-06
5.9844726206132e-06
6.05247799130199e-06
6.12048336199078e-06
6.22249141802396e-06
6.32449947405713e-06
6.42650753009031e-06
6.52851558612349e-06
6.63052364215667e-06
6.73253169818985e-06
6.83453975422303e-06
6.93654781025621e-06
7.03855586628939e-06
7.14056392232257e-06
7.24257197835575e-06
7.34458003438893e-06
7.44658809042211e-06
7.54859614645529e-06
7.65060420248847e-06
7.75261225852165e-06
7.85462031455483e-06
7.95662837058801e-06
8.05863642662119e-06
8.16064448265437e-06
8.26265253868755e-06
8.36466059472073e-06
8.46666865075391e-06
8.56867670678709e-06
8.67068476282027e-06
8.77269281885344e-06
8.87470087488662e-06
8.9767089309198e-06
9.07871698695298e-06
9.18072504298616e-06
9.33373712703593e-06
9.4867492110857e-06
9.63976129513547e-06
9.79277337918524e-06
9.94578546323501e-06
1.00987975472848e-05
1.02518096313345e-05
1.04048217153843e-05
1.05578337994341e-05
1.07108458834839e-05
1.08638579675336e-05
1.10168700515834e-05
1.11698821356332e-05
1.13228942196829e-05
1.14759063037327e-05
1.16289183877825e-05
1.17819304718322e-05
1.1934942555882e-05
1.20879546399318e-05
1.22409667239816e-05
1.23939788080313e-05
1.25469908920811e-05
1.27000029761309e-05
1.28530150601806e-05
1.30060271442304e-05
1.31590392282802e-05
1.33120513123299e-05
1.34650633963797e-05
1.36180754804295e-05
1.37710875644792e-05
1.40006056905539e-05
1.42301238166286e-05
1.44596419427032e-05
1.46891600687779e-05
1.49186781948525e-05
1.51481963209272e-05
1.53777144470018e-05
1.56072325730765e-05
1.58367506991511e-05
1.60662688252258e-05
1.62957869513004e-05
1.65253050773751e-05
1.67548232034497e-05
1.69843413295244e-05
1.72138594555991e-05
1.74433775816737e-05
1.76728957077484e-05
1.7902413833823e-05
1.81319319598977e-05
1.83614500859723e-05
1.8590968212047e-05
1.88204863381216e-05
1.90500044641963e-05
1.92795225902709e-05
1.95090407163456e-05
1.97385588424202e-05
1.99680769684949e-05
2.01975950945696e-05
2.04271132206442e-05
2.06566313467189e-05
2.10009085358309e-05
2.13451857249428e-05
2.16894629140548e-05
2.20337401031668e-05
2.23780172922788e-05
2.27222944813908e-05
2.30665716705027e-05
2.34108488596147e-05
2.37551260487267e-05
2.40994032378387e-05
2.44436804269507e-05
2.47879576160626e-05
2.51322348051746e-05
2.54765119942866e-05
2.58207891833986e-05
2.61650663725106e-05
2.65093435616226e-05
2.68536207507345e-05
2.71978979398465e-05
2.75421751289585e-05
2.78864523180705e-05
2.82307295071825e-05
2.85750066962944e-05
2.89192838854064e-05
2.92635610745184e-05
2.96078382636304e-05
2.99521154527424e-05
3.02963926418543e-05
3.06406698309663e-05
3.09849470200783e-05
3.15013628037463e-05
3.20177785874142e-05
3.25341943710822e-05
3.30506101547502e-05
3.35670259384182e-05
3.40834417220861e-05
3.45998575057541e-05
3.51162732894221e-05
3.563268907309e-05
3.6149104856758e-05
3.6665520640426e-05
3.7181936424094e-05
3.76983522077619e-05
3.82147679914299e-05
3.87311837750979e-05
3.92475995587658e-05
3.97640153424338e-05
4.02804311261018e-05
4.07968469097698e-05
4.13132626934377e-05
4.18296784771057e-05
4.23460942607737e-05
4.28625100444416e-05
4.33789258281096e-05
4.38953416117776e-05
4.44117573954456e-05
4.49281731791135e-05
4.54445889627815e-05
4.59610047464495e-05
4.64774205301175e-05
4.72520442056194e-05
4.80266678811214e-05
4.88012915566233e-05
4.95759152321253e-05
5.03505389076272e-05
5.11251625831292e-05
5.18997862586312e-05
5.26744099341331e-05
5.34490336096351e-05
5.4223657285137e-05
5.4998280960639e-05
5.57729046361409e-05
5.65475283116429e-05
5.73221519871449e-05
5.80967756626468e-05
5.88713993381488e-05
5.96460230136507e-05
6.04206466891527e-05
6.11952703646546e-05
6.19698940401566e-05
6.27445177156586e-05
6.35191413911605e-05
6.42937650666625e-05
6.50683887421644e-05
6.58430124176664e-05
6.66176360931683e-05
6.73922597686703e-05
6.81668834441723e-05
6.89415071196742e-05
6.97161307951762e-05
7.08780663084291e-05
7.2040001821682e-05
7.3201937334935e-05
7.43638728481879e-05
7.55258083614408e-05
7.66877438746938e-05
7.78496793879467e-05
7.90116149011997e-05
8.01735504144526e-05
8.13354859277055e-05
8.24974214409585e-05
8.36593569542114e-05
8.48212924674643e-05
8.59832279807173e-05
8.71451634939702e-05
8.83070990072231e-05
8.94690345204761e-05
9.0630970033729e-05
9.1792905546982e-05
9.29548410602349e-05
9.41167765734878e-05
9.52787120867408e-05
9.64406475999937e-05
9.76025831132466e-05
9.87645186264996e-05
9.99264541397525e-05
0.000101088389653005
0.000102250325166258
0.000103412260679511
0.000104574196192764
0.000106317099462644
0.000108060002732523
0.000109802906002402
0.000111545809272282
0.000113288712542161
0.000115031615812041
0.00011677451908192
0.000118517422351799
0.000120260325621679
0.000122003228891558
0.000123746132161438
0.000125489035431317
0.000127231938701197
0.000128974841971076
0.000130717745240955
0.000132460648510835
0.000134203551780714
0.000135946455050594
0.000137689358320473
0.000139432261590352
0.000141175164860232
0.000142918068130111
0.000144660971399991
0.00014640387466987
0.000148146777939749
0.000149889681209629
0.000151632584479508
0.000153375487749388
0.000155118391019267
0.000156861294289146
0.000159475649193965
0.000162090004098785
0.000164704359003604
0.000167318713908423
0.000169933068813242
0.000172547423718061
0.00017516177862288
0.000177776133527699
0.000180390488432518
0.000183004843337337
0.000185619198242157
0.000188233553146976
0.000190847908051795
0.000193462262956614
0.000196076617861433
0.000198690972766252
0.000201305327671071
0.00020391968257589
0.000206534037480709
0.000209148392385529
0.000211762747290348
0.000214377102195167
0.000216991457099986
0.000219605812004805
0.000222220166909624
0.000224834521814443
0.000227448876719262
0.000230063231624081
0.0002326775865289
0.00023529194143372
0.000239213473790948
0.000243135006148177
0.000247056538505406
0.000250978070862634
0.000254899603219863
0.000258821135577092
0.00026274266793432
0.000266664200291549
0.000270585732648778
0.000274507265006006
0.000278428797363235
0.000282350329720464
0.000286271862077692
0.000290193394434921
0.000294114926792149
0.000298036459149378
0.000301957991506607
0.000305879523863835
0.000309801056221064
0.000313722588578293
0.000317644120935521
0.00032156565329275
0.000325487185649979
0.000329408718007207
0.000333330250364436
0.000337251782721665
0.000341173315078893
0.000345094847436122
0.000349016379793351
0.000352937912150579
0.000358820210686422
0.000364702509222265
0.000370584807758108
0.000376467106293951
0.000382349404829794
0.000388231703365637
0.00039411400190148
0.000399996300437323
0.000405878598973166
0.000411760897509009
0.000417643196044852
0.000423525494580695
0.000429407793116538
0.000435290091652381
0.000441172390188224
0.000447054688724067
0.00045293698725991
0.000458819285795753
0.000464701584331596
0.000470583882867439
0.000476466181403282
0.000482348479939125
0.000488230778474968
0.000494113077010811
0.000499995375546654
0.000505877674082497
0.00051175997261834
0.000517642271154183
0.000523524569690026
0.000529406868225869
0.000538230316029634
0.000547053763833398
0.000555877211637163
0.000564700659440927
0.000573524107244691
0.000582347555048456
0.00059117100285222
0.000599994450655985
0.000608817898459749
0.000617641346263514
0.000626464794067278
0.000635288241871043
0.000644111689674807
0.000652935137478572
0.000661758585282336
0.000670582033086101
0.000679405480889865
0.00068822892869363
0.000697052376497394
0.000705875824301159
0.000714699272104923
0.000723522719908688
0.000732346167712452
0.000741169615516217
0.000749993063319981
0.000758816511123746
0.00076763995892751
0.000776463406731275
0.000785286854535039
0.000794110302338804
0.00080734547404445
0.000820580645750097
0.000833815817455744
0.000847050989161391
0.000860286160867037
0.000873521332572684
0.000886756504278331
0.000899991675983977
0.000913226847689624
0.000926462019395271
0.000939697191100918
0.000952932362806564
0.000966167534512211
0.000979402706217858
0.000992637877923505
0.00100587304962915
0.0010191082213348
0.00103234339304044
0.00104557856474609
0.00105881373645174
0.00107204890815738
0.00108528407986303
0.00109851925156868
0.00111175442327433
0.00112498959497997
0.00113822476668562
0.00115145993839127
0.00116469511009691
0.00117793028180256
0.00119116545350821
0.00121101821106668
0.00123087096862515
0.00125072372618362
0.00127057648374209
0.00129042924130056
0.00131028199885903
0.0013301347564175
0.00134998751397597
0.00136984027153444
0.00138969302909291
0.00140954578665138
0.00142939854420985
0.00144925130176832
0.00146910405932679
0.00148895681688526
0.00150880957444373
0.0015286623320022
0.00154851508956067
0.00156836784711914
0.00158822060467761
0.00160807336223608
0.00162792611979455
0.00164777887735302
0.00166763163491149
0.00168748439246996
0.00170733715002843
0.0017271899075869
0.00174704266514537
0.00176689542270384
0.00178674818026231
0.00181652731660001
0.00184630645293772
0.00187608558927542
0.00190586472561313
0.00193564386195083
0.00196542299828854
0.00199520213462624
0.00202498127096395
0.00205476040730165
0.00208453954363936
0.00211431867997706
0.00214409781631477
0.00217387695265248
0.00220365608899018
0.00223343522532789
0.00226321436166559
0.0022929934980033
0.002322772634341
0.00235255177067871
0.00238233090701641
0.00241211004335412
0.00244188917969182
0.00247166831602953
0.00250144745236723
0.00253122658870494
0.00256100572504264
0.00259078486138035
0.00262056399771805
0.00265034313405576
0.00268012227039346
0.00272479097490002
0.00276945967940658
0.00281412838391314
0.00285879708841969
0.00290346579292625
0.00294813449743281
0.00299280320193937
0.00303747190644592
0.00308214061095248
0.00312680931545904
0.0031714780199656
0.00321614672447215
0.00326081542897871
0.00330548413348527
0.00335015283799183
0.00339482154249839
0.00343949024700494
0.0034841589515115
0.00352882765601806
0.00357349636052462
0.00361816506503117
0.00366283376953773
0.00370750247404429
0.00375217117855085
0.00379683988305741
0.00384150858756396
0.00388617729207052
0.00393084599657708
0.00397551470108364
0.00402018340559019
0.00408718646235003
0.00415418951910987
0.0042211925758697
0.00428819563262954
0.00435519868938938
0.00442220174614921
0.00448920480290905
0.00455620785966889
0.00462321091642872
0.00469021397318856
0.0047572170299484
0.00482422008670823
0.00489122314346807
0.00495822620022791
0.00502522925698774
0.00509223231374758
0.00515923537050742
0.00522623842726725
0.00529324148402709
0.00536024454078692
0.00542724759754676
0.0054942506543066
0.00556125371106643
0.00562825676782627
0.00569525982458611
0.00576226288134594
0.00582926593810578
0.00589626899486562
0.00596327205162545
0.00603027510838529
0.00613077969352504
0.0062312842786648
0.00633178886380455
0.00643229344894431
0.00653279803408406
0.00663330261922382
0.00673380720436357
0.00683431178950333
0.00693481637464308
0.00703532095978284
0.00713582554492259
0.00723633013006235
0.0073368347152021
0.00743733930034186
0.00753784388548161
0.00763834847062137
0.00773885305576112
0.00783935764090088
0.00793986222604063
0.00804036681118039
0.00814087139632014
0.0082413759814599
0.00834188056659965
0.00844238515173941
0.00854288973687916
0.00864339432201892
0.00874389890715867
0.00884440349229842
0.00894490807743818
0.00904541266257793
0.00919616954028757
0.0093469264179972
0.00949768329570683
0.00964844017341646
0.0097991970511261
0.00994995392883573
0.0101007108065454
0.010251467684255
0.0104022245619646
0.0105529814396743
0.0107037383173839
0.0108544951950935
0.0110052520728032
0.0111560089505128
0.0113067658282224
0.0114575227059321
0.0116082795836417
0.0117590364613513
0.0119097933390609
0.0120605502167706
0.0122113070944802
0.0123620639721898
0.0125128208498995
0.0126635777276091
