0.0997141556203562
0.0999885400581458
0.100234410518151
0.100518030689978
0.100976295263188
0.101651207015351
0.102572513378789
0.103828998347328
0.103710199713042
0.103423002682761
0.103170251147738
0.103094540052377
0.103244739232058
0.103641403436705
0.104287713926088
0.105178796745504
0.1054232135343
0.105220436366027
0.105027882467577
0.104926039443588
0.105057408746008
0.105416349729959
0.105993835935183
0.106777323901033
0.107168664045393
0.107011667938157
0.106864294233702
0.106802689400848
0.106958123044606
0.107317469169588
0.107865664092035
0.108174811716559
0.109406306423233
0.111103385068983
0.111008957835127
0.110849491890285
0.110733733396053
0.110843366793156
0.111234000330201
0.111994654007888
0.113007830444877
0.112905958739116
0.11271358760815
0.112551337450776
0.11258777342874
0.112870788390377
0.113412154313013
0.114206120712176
0.115241618224112
0.11519203792003
0.115093359713162
0.115037716732606
0.115171831689067
0.115525351867364
0.116103104191248
0.116897201120486
0.116906292124308
0.116835259316811
0.11678900982402
0.11685014647495
0.117160448736514
0.116660954889845
0.116984963456232
0.117622032561715
0.118682680091137
0.120019966687845
0.121042711817933
0.120960471359634
0.120872604405781
0.12089691302523
0.121238226210691
0.12189656113389
0.122937521044748
0.123455643328446
0.123427430236377
0.123390389157227
0.123450490806
0.12378756851644
0.124398218171367
0.125272177913816
0.125304435168369
0.125246253301646
0.125225639422486
0.125413335949217
0.125839539783952
0.126502072755183
0.127386658890425
0.127452347583933
0.127451694329804
0.127492288065366
0.127657387739536
0.128800075917875
0.128916994673362
0.128935015995136
0.129034215865089
0.129476355254687
0.130374307961747
0.131575544663294
0.132264739614894
0.132144200297259
0.132070945622298
0.132267495334169
0.132790999218418
0.133652066759315
0.134838623808289
0.134864022369886
0.134862637582003
0.134950208483428
0.135323559579955
0.135990297567099
0.136941728491653
0.137010131420488
0.137020033041098
0.137095686086466
0.13742091726776
0.138008879791952
0.138850215517512
0.138928388102533
0.138959222505692
0.139055286110273
0.139383886541511
0.139634339487244
0.140825074150139
0.142516802618856
0.142561724994673
0.142571254771732
0.14270550706876
0.143235893855527
0.144264971715015
0.14484934736176
0.144712371658569
0.14465954981817
0.1449388790492
0.14558054758649
0.146580033788259
0.146713963842718
0.146768360752376
0.146904528355311
0.147348812530728
0.148107444109335
0.149163478484127
0.149324198317593
0.149431517819033
0.14962049910569
0.150094074581141
0.150853834567728
0.151040636490516
0.151132638470849
0.15127971340382
0.151678003129623
0.152334354041478
0.152119771327013
0.152814461088485
0.154110778202712
0.155900715456183
0.156036465358476
0.156158516529858
0.156520781564168
0.157256996236272
0.158508823539484
0.158615389795565
0.158673487970749
0.158862344232437
0.159458052085957
0.160452948996501
0.160602019301151
0.160707799705861
0.160933122281505
0.16152441144419
0.16246359359535
0.162659901763886
0.16280931229662
0.163063636377879
0.163646233672858
0.164537031275577
0.164758510530172
0.164937247612042
0.165212325316784
0.165787114262333
0.166638989692085
0.166942149351852
0.166092835588583
0.166366812259573
0.167495941617821
0.169275485701071
0.16972841389358
0.170084080422554
0.170575470564553
0.171638160612257
0.173079464118258
0.173361690329802
0.173612555335908
0.17402130219968
0.17489302318038
0.175588563267255
0.175732793407201
0.17595660469555
0.176553928726803
0.177545846396015
0.177805219132597
0.17804659641338
0.178429233720906
0.179201898511869
0.180321214634928
0.18060680631822
0.180891770471074
0.181312029894699
0.182096850615748
0.182390326444188
0.182626528607976
0.182966710192409
0.183212251146787
0.183976163001831
0.185340176424445
0.187102669356645
0.187457232336343
0.187796191535872
0.188459792466373
0.189596190266481
0.189807125534624
0.19003512766827
0.190602469842215
0.191609124373611
0.191963652559852
0.19223922025473
0.192670069324643
0.193578081513581
0.194922609857776
0.19529767895288
0.195696365999081
0.196277146212096
0.197322882748716
0.197612951263481
0.197945893823402
0.198465626539911
0.199433002938583
0.199820006085918
0.200175177294179
0.20066540077189
0.201543386838784
0.201906636744729
0.201211781175431
0.20187272300717
0.203546196346369
0.204146984635514
0.204761830161581
0.205786241595024
0.207330050145253
0.207815463732782
0.208319692308811
0.209204690766256
0.21057802566594
0.210982973478908
0.211442425765831
0.212293198786542
0.213433870335237
0.213852932610647
0.214343834442339
0.215214034645377
0.215571067839423
0.215911822977615
0.216451088107307
0.217501684067111
0.218030549989435
0.218525500833384
0.219176033297924
0.22026460805671
0.220779917618786
0.221280184350638
0.221939406257546
0.222397216531732
0.222718628410976
0.224309832839401
0.224880792088299
0.225575625553695
0.226866499068177
0.227471571481229
0.228033955971399
0.229002204853673
0.230528506047487
0.231111473433685
0.231767039999668
0.232883908541945
0.233417058240799
0.233940137772704
0.234843261161459
0.236231866130512
0.236883908052044
0.237537358538137
0.238549821661778
0.239027739174736
0.239534421008658
0.240418973697091
0.240934155933598
0.241462126856601
0.242202471618451
0.243455537515319
0.244132248165646
0.244802932292815
0.245651429757053
0.24625380787064
0.24630456512785
0.246965178372047
0.248555306034145
0.249960798176836
0.25068938980115
0.251795326846047
0.253546688975235
0.254263230327726
0.255130033604478
0.256615928101696
0.257323659068943
0.258090301538274
0.259376404026149
0.260003034756166
0.260706319390616
0.261922689058567
0.262558746499336
0.263265718327035
0.264449140809157
0.265094181072536
0.265803485931979
0.26695737121202
0.267604457019501
0.268313745819655
0.269444072436186
0.27008973316889
0.270798244095712
0.271909699436984
0.272550408785047
0.273256821438957
0.274038873391796
0.274770070366776
0.275698251898369
0.277425896649905
0.278467832565396
0.279537641519055
0.281191836835476
0.282116410438096
0.283115620061232
0.284732707051624
0.28562618583785
0.286624472565979
0.287692832097463
0.288620188581056
0.289692409809803
0.290500730703284
0.291314824754816
0.292629726262394
0.293479866658262
0.294423161049248
0.295882376438218
0.296753690736134
0.297720596894364
0.298448038785208
0.299180676628088
0.300358743031985
0.301257805570117
0.30214470647336
0.303285803534188
0.304206047592195
0.30436801930464
0.306308168346501
0.307541603476239
0.309253279412381
0.310282198727954
0.311466194611057
0.313477508210192
0.314668243188866
0.31603361002914
0.31690525570624
0.317953373426471
0.319260784561083
0.320429803417816
0.321780614839363
0.322828963908052
0.323931815076438
0.32483472908584
0.325797819011484
0.327354549863608
0.328549585441057
0.329736315578598
0.330628905701178
0.331559063607027
0.333055925373122
0.334209872397119
0.335395908040428
0.336285032082669
0.337230745732011
0.338062686464419
0.339006336888299
0.340434435928429
0.341750070069346
0.3433392984682
0.34470201353921
0.346153984918706
0.34845225483731
0.349907841884318
0.351603788496161
0.352756216738152
0.354177564186908
0.355362712611132
0.356707200907681
0.357858091917069
0.359143217405343
0.360324677257855
0.361619461911988
0.363594783482998
0.364925972849886
0.366451591556806
0.367653974983097
0.368975433513865
0.370040211630274
0.371262507521178
0.37232803412483
0.373566755055428
0.374676475308064
0.375926395522915
0.377039186245962
0.378260983211076
0.379357782935102
0.380133987669606
0.382091918657985
0.38384195055363
0.38581203625116
0.387474616238286
0.389292032187329
0.390833719342103
0.392561696231564
0.394077434975721
0.395798459571821
0.397313471384881
0.39902171131599
0.400510983333524
0.402187852882797
0.403645209318558
0.405297621245536
0.406732057636851
0.408370071565744
0.409785044951398
0.411410500656318
0.412804679267671
0.414417666436063
0.415791106850918
0.416794402565712
0.417889539520317
0.41917067526789
0.420713566279457
0.422160970850354
0.423680953315517
0.424981534968723
0.4264900395928
0.428235132630736
0.429994732112658
0.432093628678157
0.43402382270672
0.436223563196239
0.438112689198876
0.440286082469071
0.442118734078996
0.443384539225023
0.444985274827871
0.446701186832524
0.448759904487342
0.450598525274319
0.45265090875745
0.454370861615382
0.455606379455574
0.45698612857942
0.458491055887359
0.460403255218516
0.462191988412645
0.463557159716533
0.464975869489937
0.466459517947378
0.468261127207072
0.469948241757955
0.471269230942394
0.472653245535373
0.474107901104706
0.475854448293265
0.476978310579572
0.479439121591346
0.481717962343272
0.484647870351008
0.487020286326707
0.488500966709961
0.490730724809274
0.492686419616425
0.494287830506575
0.496209052321986
0.498176484491578
0.499989915813481
0.502005030862746
0.503956133299112
0.506282576121793
0.508361398058053
0.509955085311249
0.511771600761026
0.513520959789263
0.515098668118877
0.516989591658103
0.518820179920086
0.520396850746527
0.522202848688378
0.523943171638174
0.525471730555312
0.527237766567088
0.528950796804314
0.530456555810027
0.532187891331843
0.533822003590145
0.535888612143295
0.539207844466427
0.541914938968752
0.543657794429931
0.545700932279141
0.54795202740813
0.550064800042843
0.551959338956728
0.554255516715733
0.556541773879447
0.558535653602311
0.560887274409471
0.563102428240573
0.564969579178764
0.566551626812611
0.568516770785479
0.570612881523984
0.572560236850798
0.574834584830005
0.576937813567459
0.57867583573321
0.580122742932295
0.581957122105238
0.58390583765277
0.585726216857408
0.587307457888573
0.589153893236007
0.591024403668584
0.592725745229515
0.593776979853815
0.597101575737824
0.600162364041692
0.602644773082777
0.60457983784375
0.606438824344296
0.609189341967736
0.61173394011855
0.613912756710589
0.615832426627868
0.618313947169297
0.620856724894745
0.623106371680684
0.624965678641703
0.62674407997375
0.629024037610513
0.631403449369662
0.633518834824786
0.635278886648651
0.637477685803371
0.639701922580653
0.641703082855063
0.643406387828511
0.644986524705034
0.647091517637345
0.649260287001815
0.651197002158477
0.652812628196112
0.654281547197748
0.655933663852046
0.657319176912828
0.660838913790902
0.664008266549554
0.666566586795373
0.668606300856388
0.67051003359095
0.672723210494288
0.676004377541575
0.678796512701764
0.680978066774813
0.682756531137556
0.684524838479757
0.686598306017476
0.689034991077102
0.691589038036641
0.693856179549726
0.695789562231969
0.697532531006334
0.69931845533966
0.701281692511312
0.703819660218677
0.706255028674371
0.708271717298422
0.70988862617909
0.71135524817369
0.712948747287898
0.714750673967803
0.716593252400584
0.718797362817328
0.720888353161798
0.721467052149563
0.724279296302528
0.727340021944642
0.730235280620781
0.732708630707304
0.734813964623559
0.7368095182719
0.738934004551756
0.741210818974988
0.743480073458272
0.746411771067833
0.749216288619592
0.751537563371884
0.753390210892311
0.755021204571479
0.756698065356458
0.758539236106959
0.760478097798153
0.762385246715947
0.764218592591824
0.766045834411722
0.768468713058294
0.770847848797051
0.772856638273246
0.774486598202577
0.775923165918772
0.777371540038197
0.778929282986871
0.780563387766168
0.782187989332416
0.784087467488593
0.786552139583278
0.789212283236459
0.791680650482909
0.793836903235954
0.795799862157623
0.797750290726657
0.799776275770958
0.801842761734432
0.803873896601262
0.805846317018652
0.807788757973346
0.809728742459749
0.811657697701001
0.813555206027947
0.815660260518896
0.818147642041335
0.820324300438267
0.822347160702972
0.824088314654272
0.825614719208475
0.82706334511469
0.828534510813641
0.830052530471491
0.83158795536892
0.83310319399827
0.834582404223189
0.836032465321155
0.837467112760502
0.838893097995691
0.839376937440511
0.841438180094374
0.843540023243127
0.845799587838477
0.847972636753079
0.84995680309231
0.851868922614423
0.853797314415877
0.855698355726732
0.857526258256802
0.85930535155918
0.861459610791885
0.863277761412309
0.864682665940849
0.8661117687341
0.867805934273896
0.870180498940696
0.871420395671576
0.873259099155666
0.874446243535365
0.876202738000154
0.878179823234002
0.879018194907631
0.88048115618936
0.882266082550147
0.883874573949035
0.884491994472528
0.885749636947675
0.887372974438432
0.888879843629239
0.887813999026275
0.889433611590719
0.891521133190406
0.893464014421647
0.895091597935931
0.896633444791313
0.898239713594222
0.899852546035012
0.901391762880514
0.902861589682223
0.904301126813823
0.905722503220806
0.907113893733192
0.908467728473263
0.909788148090904
0.911081187724641
0.91234831827325
0.913588533105874
0.914801859664751
0.915989673136037
0.917153468385797
0.918293912004362
0.919411580191324
0.920507164172394
0.921581407272313
0.922634996720158
0.923668545705298
0.924682632660838
0.925677827396915
0.9266546880533
0.927423191283742
0.929128937093694
0.930867814869631
0.93252188315226
0.934023968345564
0.935397659450922
0.936697296413739
0.937959774714243
0.939195945152667
0.940403207118437
0.94157795874034
0.942720166415841
0.94383237946711
0.944917532541664
0.945977774018704
0.947014421738925
0.948028365523579
0.947489939409038
0.948671967115691
0.950039886950536
0.949852706812256
0.951255041773376
0.95119994038342
0.951322830558714
