5.3579046841534e-08
5.61677152390295e-08
5.69456759141383e-08
5.76999372258021e-08
5.8488532210125e-08
5.9410317118207e-08
6.04878488786831e-08
6.17359742704682e-08
6.26093127772878e-08
6.34821443163397e-08
6.441888848139e-08
6.55327604138169e-08
6.68219953813456e-08
6.77713202624197e-08
6.87105401328225e-08
6.97083195949223e-08
7.08763918401843e-08
7.22102792300905e-08
7.32156589243244e-08
7.42063754990045e-08
7.52512297860153e-08
7.6458324483329e-08
7.78222023454073e-08
7.8861941151138e-08
7.98882926359444e-08
8.09678752620342e-08
8.22052666035353e-08
8.35930708738473e-08
8.46549982292406e-08
8.57083391306016e-08
8.68163417722138e-08
8.83981326814249e-08
9.04950636655755e-08
9.27383856782869e-08
9.43508444089689e-08
9.59923316712399e-08
9.78280425772099e-08
9.99222024926916e-08
1.01491049487081e-07
1.03046336092001e-07
1.04762162704207e-07
1.06722715367814e-07
1.08954938386581e-07
1.10607921338921e-07
1.12258334468989e-07
1.14014977999973e-07
1.16063694826976e-07
1.18018452501763e-07
1.19648063425109e-07
1.21334425921699e-07
1.23267122369669e-07
1.25463761066033e-07
1.27178285556299e-07
1.28896436768458e-07
1.30720757954394e-07
1.32823780213244e-07
1.3483576315541e-07
1.36545658926918e-07
1.38313238193741e-07
1.40317127618515e-07
1.42565469731164e-07
1.44906840043972e-07
1.48108487727742e-07
1.51322869612582e-07
1.53798269013231e-07
1.56513114151086e-07
1.59652106962372e-07
1.63372600091273e-07
1.66090563879171e-07
1.68814202599781e-07
1.71832842616771e-07
1.75266568584183e-07
1.77961874549141e-07
1.80675547172544e-07
1.83690119164119e-07
1.8710234258555e-07
1.89939495391702e-07
1.92716897684305e-07
1.95646455162287e-07
1.99034433080386e-07
2.02319084128864e-07
2.05129901017426e-07
2.08048364637327e-07
2.11377558868484e-07
2.1504268256983e-07
2.18075083497065e-07
2.21084495194923e-07
2.24249766367726e-07
2.27419061840989e-07
2.30442129765183e-07
2.33467746212215e-07
2.3764500240742e-07
2.43124015695586e-07
2.47501869170845e-07
2.51937874684324e-07
2.56938866323731e-07
2.62653852524298e-07
2.67170377103429e-07
2.717221331965e-07
2.76785239959464e-07
2.8252481338038e-07
2.87067332209832e-07
2.91678914975303e-07
2.968279463226e-07
3.02647250725717e-07
3.07241986539914e-07
3.11936865064042e-07
3.17191020916555e-07
3.22330247506222e-07
3.26847996945425e-07
3.31600809768739e-07
3.37102761912898e-07
3.41940564353114e-07
3.46759216142158e-07
3.51860276514178e-07
3.5770459191199e-07
3.62720736584977e-07
3.67705784975748e-07
3.72953523447622e-07
3.78920529301605e-07
3.83976542432466e-07
3.9095184609352e-07
3.98056831396178e-07
4.05292676833267e-07
4.13611753635249e-07
4.23424394171421e-07
4.31036300049264e-07
4.38761582875159e-07
4.47410275827231e-07
4.54923559545494e-07
4.62416841310288e-07
4.70725290128828e-07
4.80132017061288e-07
4.88076520755063e-07
4.96012507998021e-07
5.04736836187951e-07
5.12420645739275e-07
5.20142077459996e-07
5.28702247063306e-07
5.3830849044544e-07
5.46469102833425e-07
5.54653800972495e-07
5.63352573487804e-07
5.71517831928328e-07
5.7957758304034e-07
5.88097962788955e-07
5.96960989359955e-07
6.05501107156353e-07
6.1411189048319e-07
6.23256216487408e-07
6.31791847319074e-07
6.4204602121262e-07
6.54316080552631e-07
6.69152115005813e-07
6.81930287004722e-07
6.94615789314158e-07
7.08585469107753e-07
7.24401735426752e-07
7.37208262734751e-07
7.50436939792303e-07
7.65428279088666e-07
7.78223796803097e-07
7.91215389155957e-07
8.05793062956824e-07
8.18536663351763e-07
8.31529709121878e-07
8.46135152540832e-07
8.59121339216404e-07
8.72324940510322e-07
8.87047946831117e-07
9.00261793551918e-07
9.13659706033216e-07
9.28496583965197e-07
9.41913574170316e-07
9.55496276743246e-07
9.69997196883276e-07
9.83968815158441e-07
9.97894071647829e-07
1.01257320550054e-06
1.02664161021575e-06
1.04064112337748e-06
1.06040221764472e-06
1.08545398777201e-06
1.10622374433908e-06
1.12795645598429e-06
1.15035238872427e-06
1.17200225929093e-06
1.19421019224629e-06
1.21674373385291e-06
1.23786271553441e-06
1.26002171000566e-06
1.28135526964629e-06
1.30287913509065e-06
1.32692621091435e-06
1.34888218145636e-06
1.37119143684833e-06
1.39597592221155e-06
1.41822382330074e-06
1.44085812441183e-06
1.46600582452004e-06
1.48841400944117e-06
1.51133714590689e-06
1.53463187972477e-06
1.55748931568705e-06
1.58104862208586e-06
1.60360124978274e-06
1.62626491511429e-06
1.65047257782021e-06
1.67404982684908e-06
1.69789623189085e-06
1.72316555884348e-06
1.75522697844649e-06
1.79210514150168e-06
1.82657932952526e-06
1.86185191085853e-06
1.90182858749281e-06
1.9376758085299e-06
1.97433933790522e-06
2.01570247340358e-06
2.05196169918154e-06
2.08938530121124e-06
2.1239536001731e-06
2.15971119548796e-06
2.20054365105702e-06
2.23737478454993e-06
2.27533493341045e-06
2.31153232658143e-06
2.34802650724822e-06
2.38877969437077e-06
2.42614011520853e-06
2.46469892204387e-06
2.50185925130089e-06
2.53940255334104e-06
2.58101420212413e-06
2.62014696537509e-06
2.65938268746027e-06
2.69664197004339e-06
2.73431585059892e-06
2.77633712155604e-06
2.81613525734451e-06
2.8562676523666e-06
2.9073672295446e-06
2.96703520844515e-06
3.0258014679963e-06
3.08593503342486e-06
3.15393803834454e-06
3.21485050319852e-06
3.27773076869317e-06
3.33729087342939e-06
3.39766303684887e-06
3.45635814937634e-06
3.51640952129019e-06
3.58447492941121e-06
3.64683779210833e-06
3.71131987466289e-06
3.77289983205022e-06
3.83544649465609e-06
3.89621392664465e-06
3.95836631096837e-06
4.02824901579969e-06
4.09225723231947e-06
4.15859215828682e-06
4.22194090118224e-06
4.28655035624699e-06
4.348922303375e-06
4.41292618877583e-06
4.47615582716859e-06
4.5411653621183e-06
4.60582795452538e-06
4.67153404583548e-06
4.74143155775432e-06
4.83309970532305e-06
4.93935406355485e-06
5.03807915659485e-06
5.14146229766083e-06
5.2408259907426e-06
5.34312896700075e-06
5.44187656791615e-06
5.54371457610976e-06
5.64349888546713e-06
5.74656227531551e-06
5.84813955186726e-06
5.95246916977832e-06
6.05521261353033e-06
6.16016590157076e-06
6.2637692438722e-06
6.36940636631453e-06
6.47896481828758e-06
6.58727805017093e-06
6.68924512623717e-06
6.79204683214911e-06
6.90760727159168e-06
7.01808701008814e-06
7.12340625590882e-06
7.22754178808597e-06
7.34329354936243e-06
7.45398245622415e-06
7.56368198719767e-06
7.67270993074777e-06
7.77736958233644e-06
7.88361304916454e-06
8.0466386772341e-06
8.20980697546342e-06
8.3887658940259e-06
8.5541917746182e-06
8.73262803324288e-06
8.89734361368042e-06
9.06215040123916e-06
9.22850240278562e-06
9.3916517444601e-06
9.56019780944246e-06
9.73137081434875e-06
9.90899965002925e-06
1.00837199140177e-05
1.02623031797661e-05
1.04362289264497e-05
1.06152214364537e-05
1.07903808647262e-05
1.09721652158513e-05
1.11496067282601e-05
1.13341483112492e-05
1.15131955472229e-05
1.1682485447693e-05
1.18552799224502e-05
1.2032063136075e-05
1.22181765805054e-05
1.24027472319892e-05
1.2592476579159e-05
1.27760047715301e-05
1.29490406714882e-05
1.31251487073455e-05
1.34044317525168e-05
1.36743483963855e-05
1.39528078096199e-05
1.4228653876633e-05
1.45263390155074e-05
1.48109096616221e-05
1.50753372173639e-05
1.53539238144934e-05
1.56391130882494e-05
1.59396766293288e-05
1.62335572178342e-05
1.65198798052622e-05
1.68033616048383e-05
1.70862745222352e-05
1.73830407622564e-05
1.76784292345382e-05
1.79878316315402e-05
1.82887185436599e-05
1.85721526934614e-05
1.88627250631468e-05
1.91542695260631e-05
1.94451086983922e-05
1.97459059994853e-05
2.00475675927847e-05
2.03614114152205e-05
2.06686893588304e-05
2.09610427982573e-05
2.12600094295714e-05
2.15615280525919e-05
2.18628027052254e-05
2.22815111681132e-05
2.27321071134676e-05
2.32286155753743e-05
2.37076918415302e-05
2.41545436518005e-05
2.46366615714487e-05
2.51085377746409e-05
2.55638831639262e-05
2.60366153034358e-05
2.65144426097652e-05
2.69863763979406e-05
2.74730308820793e-05
2.7958185081233e-05
2.84304510363814e-05
2.89157546199906e-05
2.940401230448e-05
2.98850708995448e-05
3.03794104529016e-05
3.08738825309285e-05
3.13575989340291e-05
3.18544828596389e-05
3.23529318703359e-05
3.28425628211107e-05
3.33464446204818e-05
3.38501996652303e-05
3.43431906496954e-05
3.48514597588108e-05
3.53594354083904e-05
3.58568349010097e-05
3.63712975097819e-05
3.71359883478947e-05
3.78943316075478e-05
3.86347604096222e-05
3.93659060941761e-05
4.01497848266467e-05
4.0928768966299e-05
4.16923994934961e-05
4.24922350546217e-05
4.32921018708597e-05
4.40699928875591e-05
4.48265260929947e-05
4.56160196400058e-05
4.64214343787275e-05
4.72185228467221e-05
4.80482573017414e-05
4.88683056204708e-05
4.9659746713443e-05
5.042794675599e-05
5.12355116206393e-05
5.20583625708302e-05
5.28730475385217e-05
5.36679322650618e-05
5.44928358158903e-05
5.53242993698764e-05
5.61427271523315e-05
5.69438690038021e-05
5.77770476780535e-05
5.86187561081334e-05
5.9447918162843e-05
6.02584687466897e-05
6.13967726772925e-05
6.26385536659295e-05
6.39242250694311e-05
6.52351180803942e-05
6.65198631924043e-05
6.77658525279122e-05
6.89963244271237e-05
7.03257131325051e-05
7.16371174438547e-05
7.29132323640297e-05
7.41625538243911e-05
7.54519719035286e-05
7.67803042853863e-05
7.81016212190357e-05
7.93955420553488e-05
8.06680599232554e-05
8.20168160540977e-05
8.33778420438283e-05
8.47096375597079e-05
8.59999050905672e-05
8.72735904724995e-05
8.85809153265274e-05
8.99588000855447e-05
9.13395047828709e-05
9.26789881322456e-05
9.39764159307254e-05
9.52764427931994e-05
9.66544945665237e-05
9.80504521628129e-05
9.94189116969938e-05
0.000101142853230023
0.000103297848952962
0.000105448358112906
0.000107539515005119
0.00010955826821998
0.000111540910221524
0.000113551872411072
0.000115664226976093
0.000117828116078215
0.00011995870598938
0.000122033292874798
0.000124068443692115
0.000126108996779992
0.00012819445579856
0.00013034655808966
0.00013253763431338
0.000134693021664467
0.000136797653393588
0.000138871554163326
0.00014095470815979
0.000143075444483543
0.000145223494617694
0.000147467902521685
0.000149700237830659
0.000151866839885118
0.000153972085581253
0.000156061986122598
0.000158185101032404
0.000160351589761057
0.000162529586803348
0.000165703971730473
0.000169001988306647
0.000172345362856429
0.000175652460001802
0.000178899675660397
0.000182123366382129
0.000185379143844332
0.000188688422603967
0.000192022238636081
0.000195411077587345
0.000198891307596127
0.000202327167781601
0.000205683134144438
0.000208978828157226
0.000212264102133968
0.000215581023314906
0.000218937754537398
0.000222313603285314
0.000225688836398135
0.000229066053878983
0.000232462146224679
0.000236033472942827
0.000239604771356417
0.000243081854083184
0.000246460010077925
0.000249793890152897
0.000253144923770428
0.000256541227062432
0.00025997066906115
0.000263405999319673
0.000268149947137807
0.000273337797014688
0.000278554974650903
0.000283780332300399
0.000288994369196714
0.00029420591411857
0.000299434241424671
0.000304683504958395
0.000309942986969186
0.000315310629795368
0.000320868554694767
0.00032636169484178
0.00033171725169949
0.000336957583420607
0.00034215166982855
0.000347361528397635
0.00035261302964896
0.000357897986398103
0.000363195572280601
0.000368492187459657
0.000373789448095127
0.000379093920604677
0.00038441055284063
0.00038974003262966
0.000395078761900744
0.000400423996206007
0.00040577573676088
0.000411135227544679
0.000416502835335491
0.000421877715602757
0.000429759378926432
0.000437967871293401
0.000446299592059926
0.000454556761035617
0.000462684162591989
0.000470737143224028
0.000478793579757376
0.000486894098415091
0.000495034504282773
0.000503191438881833
0.000511348493326762
0.000519503857586778
0.000527665807821679
0.000535839944311646
0.000544026489488253
0.000552222629593057
0.000560426027630482
0.000568636212471587
0.000576853790356287
0.000585079182211186
0.000593312147607347
0.000601552071420636
0.000609798539452293
0.000618051238189147
0.000626310078313581
0.000634574963851891
0.000642845691819875
0.000651122005672181
0.000659403677944567
0.000667690534002992
0.000679468616591226
0.000691970649919879
0.000704623484172752
0.000717317938272268
0.000729946575610667
0.00074249505509463
0.00075500778680076
0.000767527729312457
0.000780069149382447
0.000792625023962977
0.00080518488507518
0.000817744725624829
0.000830306535460838
0.000842873752704238
0.000855448190466417
0.0008680297739637
0.000880617692777851
0.00089321136994084
0.000905810684777735
0.000918415751653697
0.000931026656535146
0.000943643355797152
0.000956265791906204
0.000968893840502874
0.000981527133045103
0.000994165556202568
0.00100680910987929
0.0010194577727854
0.00103211146121658
0.00104477005278605
0.00106322886036597
0.00108309840474006
0.00110056484986057
0.00112046367664245
0.00113816708316301
0.00115613376196918
0.00117506383108717
0.00119417971053617
0.00121330482658231
0.00123240676655485
0.001251493548444
0.0012699475578344
0.00128860338529643
0.00130807996779761
0.00132756215853893
0.00134621801579079
0.00136494235217637
0.00138380245210102
0.00140277423877541
0.00142029035846627
0.00143960294619197
0.00145893920773895
0.00147788318107405
0.00149679661300443
0.00151588458801537
0.00153502089750128
0.00155409894777722
0.00157314396953938
0.00159220395217253
0.00161128215768562
0.00163938982363343
0.00166912193604307
0.00169904984570461
0.00172841667947707
0.00175732701694561
0.00178611042923372
0.00181495130602353
0.00184386623567693
0.00187280939586753
0.0019017471740854
0.00193067301751768
0.001959594120861
0.00198851826728046
0.00201313897560089
0.00204259687236947
0.00207263533540383
0.00209818449324303
0.00212854866250178
0.0021544512219342
0.0021808854142435
0.00220934264141623
0.00223823858037474
0.00226718014483237
0.00229607603476005
0.00232493277984283
0.0023537751088004
0.00238109539671829
0.00240881242641674
0.00243849892701943
0.00246828060648716
0.00251323297126472
0.00256080463759898
0.0025988188238942
0.00264511093091365
0.00268314074047379
0.00273048042144391
0.00276896657744131
0.00280833426189537
0.00285191879301292
0.00289632882014047
0.00294065301687286
0.00298471789034562
0.00302872521873161
0.00306883748895616
0.00310945956824087
0.0031511181074741
0.00319733927664983
0.0032439456797876
0.00328525745170031
0.003326276122951
0.00336778080241841
0.00340992465366914
0.0034525910204781
0.00349559851303948
0.00353877337728523
0.00358200477442028
0.00362523284678264
0.00366843602444737
0.00371161258901578
0.00375476969689677
0.00379823294045001
0.00386364164163472
0.00393308464457779
0.00400250127538021
0.00407067502291913
0.00413755830323184
0.00420370014818727
0.00426950298394055
0.00433514081065055
0.00440067702919941
0.00446614168969177
0.00453155555106044
0.00459693414306141
0.00466228866207414
0.00468255290583985
0.00477341247816749
0.00480819051429604
0.00490624333224211
0.00493928610883135
0.0050362960540823
0.00506807051158745
0.00516502533090454
0.00519370841242511
0.00529009468930211
0.00532161101243309
0.00541973923759338
0.00545001284669385
0.00548477732831082
0.00558670852914782
0.00563442886986394
0.00573235946088848
0.00582519752906611
0.00592140696948178
0.00601412256063307
0.00611339068462942
0.00620814252797335
0.00630475565499804
0.00640161039211153
0.00649762147911279
0.00659448400466485
0.00669111896003025
0.00678770946449638
0.00688454625150311
0.00698130526352266
0.00707809298517706
0.00717495918293996
0.00727181658309366
0.00736870927209873
0.0074656159739786
0.00756253225562503
0.00756943402794354
0.00771453549738517
0.00781880342448717
0.00791359231656893
0.00800857209092626
0.00810552219134892
0.00820152056556992
0.00829688775195078
0.00839315842975531
0.00848486822923941
0.00862882737572709
0.00867100966040902
0.0088966095823214
0.00893607733817504
0.0091059297402895
0.00922620297970032
0.00943732350669049
0.00956857137280295
0.0096454662417547
0.00990117410290699
0.0100118319418343
0.0101537656927535
0.0103455258858237
0.0104851682032162
0.0106224276743783
0.0107223460455677
0.0109189764270035
0.0110525220352377
