3.36998301047287e-07
3.42614939398075e-07
3.48231577748863e-07
3.53848216099651e-07
3.59464854450439e-07
3.65081492801227e-07
3.70698131152015e-07
3.76314769502803e-07
3.81931407853592e-07
3.8754804620438e-07
3.93164684555168e-07
3.98781322905956e-07
4.04397961256744e-07
4.10014599607532e-07
4.1563123795832e-07
4.21247876309108e-07
4.26864514659896e-07
4.32481153010685e-07
4.38097791361473e-07
4.43714429712261e-07
4.49331068063049e-07
4.54947706413837e-07
4.60564344764625e-07
4.66180983115413e-07
4.71797621466201e-07
4.77414259816989e-07
4.83030898167778e-07
4.88647536518566e-07
4.94264174869354e-07
4.99880813220142e-07
5.0549745157093e-07
5.13922409097112e-07
5.22347366623294e-07
5.30772324149477e-07
5.39197281675659e-07
5.47622239201841e-07
5.56047196728023e-07
5.64472154254205e-07
5.72897111780387e-07
5.8132206930657e-07
5.89747026832752e-07
5.98171984358934e-07
6.06596941885116e-07
6.15021899411298e-07
6.2344685693748e-07
6.31871814463663e-07
6.40296771989845e-07
6.48721729516027e-07
6.57146687042209e-07
6.65571644568391e-07
6.73996602094573e-07
6.82421559620756e-07
6.90846517146938e-07
6.9927147467312e-07
7.07696432199302e-07
7.16121389725484e-07
7.24546347251666e-07
7.32971304777849e-07
7.41396262304031e-07
7.49821219830213e-07
7.58246177356395e-07
7.70883613645668e-07
7.83521049934942e-07
7.96158486224215e-07
8.08795922513488e-07
8.21433358802761e-07
8.34070795092035e-07
8.46708231381308e-07
8.59345667670581e-07
8.71983103959854e-07
8.84620540249128e-07
8.97257976538401e-07
9.09895412827674e-07
9.22532849116947e-07
9.35170285406221e-07
9.47807721695494e-07
9.60445157984767e-07
9.7308259427404e-07
9.85720030563314e-07
9.98357466852587e-07
1.01099490314186e-06
1.02363233943113e-06
1.03626977572041e-06
1.04890721200968e-06
1.06154464829895e-06
1.07418208458823e-06
1.0868195208775e-06
1.09945695716677e-06
1.11209439345605e-06
1.12473182974532e-06
1.13736926603459e-06
1.1563254204685e-06
1.17528157490241e-06
1.19423772933632e-06
1.21319388377023e-06
1.23215003820414e-06
1.25110619263805e-06
1.27006234707196e-06
1.28901850150587e-06
1.30797465593978e-06
1.32693081037369e-06
1.3458869648076e-06
1.36484311924151e-06
1.38379927367542e-06
1.40275542810933e-06
1.42171158254324e-06
1.44066773697715e-06
1.45962389141106e-06
1.47858004584497e-06
1.49753620027888e-06
1.51649235471279e-06
1.5354485091467e-06
1.55440466358061e-06
1.57336081801452e-06
1.59231697244843e-06
1.61127312688234e-06
1.63022928131625e-06
1.64918543575016e-06
1.66814159018407e-06
1.68709774461798e-06
1.70605389905189e-06
1.73448813070275e-06
1.76292236235362e-06
1.79135659400448e-06
1.81979082565535e-06
1.84822505730621e-06
1.87665928895708e-06
1.90509352060794e-06
1.93352775225881e-06
1.96196198390967e-06
1.99039621556054e-06
2.0188304472114e-06
2.04726467886227e-06
2.07569891051313e-06
2.104133142164e-06
2.13256737381486e-06
2.16100160546573e-06
2.18943583711659e-06
2.21787006876746e-06
2.24630430041832e-06
2.27473853206919e-06
2.30317276372005e-06
2.33160699537091e-06
2.36004122702178e-06
2.38847545867264e-06
2.41690969032351e-06
2.44534392197437e-06
2.47377815362524e-06
2.5022123852761e-06
2.53064661692697e-06
2.55908084857783e-06
2.60173219605413e-06
2.64438354353043e-06
2.68703489100673e-06
2.72968623848302e-06
2.77233758595932e-06
2.81498893343562e-06
2.85764028091191e-06
2.90029162838821e-06
2.94294297586451e-06
2.98559432334081e-06
3.0282456708171e-06
3.0708970182934e-06
3.1135483657697e-06
3.15619971324599e-06
3.19885106072229e-06
3.24150240819859e-06
3.28415375567489e-06
3.32680510315118e-06
3.36945645062748e-06
3.41210779810378e-06
3.45475914558008e-06
3.49741049305637e-06
3.54006184053267e-06
3.58271318800897e-06
3.62536453548526e-06
3.66801588296156e-06
3.71066723043786e-06
3.75331857791416e-06
3.79596992539045e-06
3.83862127286675e-06
3.9025982940812e-06
3.96657531529564e-06
4.03055233651009e-06
4.09452935772453e-06
4.15850637893898e-06
4.22248340015343e-06
4.28646042136787e-06
4.35043744258232e-06
4.41441446379676e-06
4.47839148501121e-06
4.54236850622565e-06
4.6063455274401e-06
4.67032254865455e-06
4.73429956986899e-06
4.79827659108344e-06
4.86225361229788e-06
4.92623063351233e-06
4.99020765472677e-06
5.05418467594122e-06
5.11816169715567e-06
5.18213871837011e-06
5.24611573958456e-06
5.310092760799e-06
5.37406978201345e-06
5.4380468032279e-06
5.50202382444234e-06
5.56600084565679e-06
5.62997786687123e-06
5.69395488808568e-06
5.75793190930012e-06
5.85389744112179e-06
5.94986297294346e-06
6.04582850476513e-06
6.1417940365868e-06
6.23775956840847e-06
6.33372510023014e-06
6.42969063205181e-06
6.52565616387348e-06
6.62162169569514e-06
6.71758722751681e-06
6.81355275933848e-06
6.90951829116015e-06
7.00548382298182e-06
7.10144935480349e-06
7.19741488662516e-06
7.29338041844683e-06
7.38934595026849e-06
7.48531148209016e-06
7.58127701391183e-06
7.6772425457335e-06
7.77320807755517e-06
7.86917360937684e-06
7.96513914119851e-06
8.06110467302017e-06
8.15707020484184e-06
8.25303573666351e-06
8.34900126848518e-06
8.44496680030685e-06
8.54093233212852e-06
8.63689786395019e-06
8.78084616168269e-06
8.9247944594152e-06
9.0687427571477e-06
9.2126910548802e-06
9.3566393526127e-06
9.50058765034521e-06
9.64453594807771e-06
9.78848424581021e-06
9.93243254354272e-06
1.00763808412752e-05
1.02203291390077e-05
1.03642774367402e-05
1.05082257344727e-05
1.06521740322052e-05
1.07961223299377e-05
1.09400706276702e-05
1.10840189254027e-05
1.12279672231352e-05
1.13719155208677e-05
1.15158638186003e-05
1.16598121163328e-05
1.18037604140653e-05
1.19477087117978e-05
1.20916570095303e-05
1.22356053072628e-05
1.23795536049953e-05
1.25235019027278e-05
1.26674502004603e-05
1.28113984981928e-05
1.29553467959253e-05
1.3171269242524e-05
1.33871916891228e-05
1.36031141357215e-05
1.38190365823203e-05
1.40349590289191e-05
1.42508814755178e-05
1.44668039221166e-05
1.46827263687153e-05
1.48986488153141e-05
1.51145712619128e-05
1.53304937085116e-05
1.55464161551103e-05
1.57623386017091e-05
1.59782610483078e-05
1.61941834949066e-05
1.64101059415054e-05
1.66260283881041e-05
1.68419508347029e-05
1.70578732813016e-05
1.72737957279004e-05
1.74897181744991e-05
1.77056406210979e-05
1.79215630676966e-05
1.81374855142954e-05
1.83534079608942e-05
1.85693304074929e-05
1.87852528540917e-05
1.90011753006904e-05
1.92170977472892e-05
1.94330201938879e-05
1.97569038637861e-05
2.00807875336842e-05
2.04046712035823e-05
2.07285548734805e-05
2.10524385433786e-05
2.13763222132767e-05
2.17002058831748e-05
2.2024089553073e-05
2.23479732229711e-05
2.26718568928692e-05
2.29957405627674e-05
2.33196242326655e-05
2.36435079025636e-05
2.39673915724618e-05
2.42912752423599e-05
2.4615158912258e-05
2.49390425821562e-05
2.52629262520543e-05
2.55868099219524e-05
2.59106935918506e-05
2.62345772617487e-05
2.65584609316468e-05
2.6882344601545e-05
2.72062282714431e-05
2.75301119413412e-05
2.78539956112394e-05
2.81778792811375e-05
2.85017629510356e-05
2.88256466209338e-05
2.91495302908319e-05
2.96353557956791e-05
3.01211813005263e-05
3.06070068053735e-05
3.10928323102207e-05
3.15786578150679e-05
3.20644833199151e-05
3.25503088247623e-05
3.30361343296095e-05
3.35219598344567e-05
3.40077853393039e-05
3.44936108441511e-05
3.49794363489983e-05
3.54652618538455e-05
3.59510873586927e-05
3.64369128635399e-05
3.69227383683871e-05
3.74085638732342e-05
3.78943893780814e-05
3.83802148829286e-05
3.88660403877758e-05
3.9351865892623e-05
3.98376913974702e-05
4.03235169023174e-05
4.08093424071646e-05
4.12951679120118e-05
4.1780993416859e-05
4.22668189217062e-05
4.27526444265534e-05
4.32384699314006e-05
4.37242954362478e-05
4.44530336935186e-05
4.51817719507894e-05
4.59105102080602e-05
4.6639248465331e-05
4.73679867226018e-05
4.80967249798726e-05
4.88254632371434e-05
4.95542014944142e-05
5.0282939751685e-05
5.10116780089558e-05
5.17404162662266e-05
5.24691545234974e-05
5.31978927807682e-05
5.3926631038039e-05
5.46553692953098e-05
5.53841075525806e-05
5.61128458098514e-05
5.68415840671222e-05
5.7570322324393e-05
5.82990605816638e-05
5.90277988389346e-05
5.97565370962054e-05
6.04852753534762e-05
6.1214013610747e-05
6.19427518680178e-05
6.26714901252886e-05
6.34002283825593e-05
6.41289666398301e-05
6.48577048971009e-05
6.55864431543717e-05
6.66795505402779e-05
6.77726579261841e-05
6.88657653120903e-05
6.99588726979965e-05
7.10519800839027e-05
7.21450874698089e-05
7.32381948557151e-05
7.43313022416213e-05
7.54244096275275e-05
7.65175170134337e-05
7.76106243993399e-05
7.87037317852461e-05
7.97968391711523e-05
8.08899465570585e-05
8.19830539429647e-05
8.30761613288709e-05
8.41692687147771e-05
8.52623761006833e-05
8.63554834865895e-05
8.74485908724956e-05
8.85416982584018e-05
8.9634805644308e-05
9.07279130302142e-05
9.18210204161204e-05
9.29141278020266e-05
9.40072351879328e-05
9.5100342573839e-05
9.61934499597452e-05
9.72865573456514e-05
9.83796647315576e-05
0.000100019325810417
0.000101658986889276
0.000103298647968135
0.000104938309046995
0.000106577970125854
0.000108217631204713
0.000109857292283573
0.000111496953362432
0.000113136614441291
0.000114776275520151
0.00011641593659901
0.000118055597677869
0.000119695258756728
0.000121334919835588
0.000122974580914447
0.000124614241993306
0.000126253903072166
0.000127893564151025
0.000129533225229884
0.000131172886308743
0.000132812547387603
0.000134452208466462
0.000136091869545321
0.000137731530624181
0.00013937119170304
0.000141010852781899
0.000142650513860759
0.000144290174939618
0.000145929836018477
0.000147569497097336
0.000150028988715625
0.000152488480333914
0.000154947971952203
0.000157407463570492
0.000159866955188781
0.00016232644680707
0.000164785938425359
0.000167245430043648
0.000169704921661937
0.000172164413280226
0.000174623904898515
0.000177083396516804
0.000179542888135093
0.000182002379753382
0.000184461871371671
0.000186921362989959
0.000189380854608248
0.000191840346226537
0.000194299837844826
0.000196759329463115
0.000199218821081404
0.000201678312699693
0.000204137804317982
0.000206597295936271
0.00020905678755456
0.000211516279172849
0.000213975770791138
0.000216435262409427
0.000218894754027716
0.000221354245646005
0.000225043483073438
0.000228732720500871
0.000232421957928305
0.000236111195355738
0.000239800432783172
0.000243489670210605
0.000247178907638038
0.000250868145065472
0.000254557382492905
0.000258246619920339
0.000261935857347772
0.000265625094775206
0.000269314332202639
0.000273003569630072
0.000276692807057506
0.000280382044484939
0.000284071281912373
0.000287760519339806
0.000291449756767239
0.000295138994194673
0.000298828231622106
0.00030251746904954
0.000306206706476973
0.000309895943904406
0.00031358518133184
0.000317274418759273
0.000320963656186707
0.00032465289361414
0.000328342131041574
0.000332031368469007
0.000337565224610157
0.000343099080751307
0.000348632936892457
0.000354166793033607
0.000359700649174757
0.000365234505315908
0.000370768361457058
0.000376302217598208
0.000381836073739358
0.000387369929880508
0.000392903786021658
0.000398437642162808
0.000403971498303958
0.000409505354445109
0.000415039210586259
0.000420573066727409
0.000426106922868559
0.000431640779009709
0.000437174635150859
0.000442708491292009
0.000448242347433159
0.000453776203574309
0.00045931005971546
0.00046484391585661
0.00047037777199776
0.00047591162813891
0.00048144548428006
0.00048697934042121
0.00049251319656236
0.00049804705270351
0.000506347836915235
0.000514648621126961
0.000522949405338686
0.000531250189550411
0.000539550973762136
0.000547851757973861
0.000556152542185587
0.000564453326397312
0.000572754110609037
0.000581054894820762
0.000589355679032487
0.000597656463244212
0.000605957247455938
0.000614258031667663
0.000622558815879388
0.000630859600091113
0.000639160384302838
0.000647461168514563
0.000655761952726289
0.000664062736938014
0.000672363521149739
0.000680664305361464
0.000688965089573189
0.000697265873784914
0.00070556665799664
0.000713867442208365
0.00072216822642009
0.000730469010631815
0.00073876979484354
0.000747070579055266
0.000759521755372853
0.000771972931690441
0.000784424108008029
0.000796875284325616
0.000809326460643204
0.000821777636960792
0.00083422881327838
0.000846679989595967
0.000859131165913555
0.000871582342231143
0.000884033518548731
0.000896484694866319
0.000908935871183906
0.000921387047501494
0.000933838223819082
0.00094628940013667
0.000958740576454257
0.000971191752771845
0.000983642929089433
0.000996094105407021
0.00100854528172461
0.0010209964580422
0.00103344763435978
0.00104589881067737
0.00105834998699496
0.00107080116331255
0.00108325233963013
0.00109570351594772
0.00110815469226531
0.0011206058685829
0.00113928263305928
0.00115795939753566
0.00117663616201204
0.00119531292648842
0.00121398969096481
0.00123266645544119
0.00125134321991757
0.00127001998439395
0.00128869674887033
0.00130737351334671
0.0013260502778231
0.00134472704229948
0.00136340380677586
0.00138208057125224
0.00140075733572862
0.001419434100205
0.00143811086468139
0.00145678762915777
0.00147546439363415
0.00149414115811053
0.00151281792258691
0.00153149468706329
0.00155017145153968
0.00156884821601606
0.00158752498049244
0.00160620174496882
0.0016248785094452
0.00164355527392158
0.00166223203839797
0.00168090880287435
0.00170892394958892
0.00173693909630349
0.00176495424301806
0.00179296938973264
0.00182098453644721
0.00184899968316178
0.00187701482987635
0.00190502997659093
0.0019330451233055
0.00196106027002007
0.00198907541673464
0.00201709056344922
0.00204510571016379
0.00207312085687836
0.00210113600359293
0.00212915115030751
0.00215716629702208
0.00218518144373665
0.00221319659045122
0.0022412117371658
0.00226922688388037
0.00229724203059494
0.00232525717730951
0.00235327232402409
0.00238128747073866
0.00240930261745323
0.0024373177641678
0.00246533291088238
0.00249334805759695
0.00252136320431152
0.00256338592438338
0.00260540864445524
0.0026474313645271
0.00268945408459896
0.00273147680467081
0.00277349952474267
0.00281552224481453
0.00285754496488639
0.00289956768495825
0.00294159040503011
0.00298361312510197
0.00302563584517382
0.00306765856524568
0.00310968128531754
0.0031517040053894
0.00319372672546126
0.00323574944553312
0.00327777216560498
0.00331979488567684
0.00336181760574869
0.00340384032582055
0.00344586304589241
0.00348788576596427
0.00352990848603613
0.00357193120610799
0.00361395392617985
0.0036559766462517
0.00369799936632356
0.00374002208639542
0.00378204480646728
0.00384507888657507
0.00390811296668286
0.00397114704679065
0.00403418112689843
0.00409721520700622
0.00416024928711401
0.0042232833672218
0.00428631744732959
0.00434935152743737
0.00441238560754516
0.00447541968765295
0.00453845376776074
0.00460148784786852
0.00466452192797631
0.0047275560080841
0.00479059008819189
0.00485362416829968
0.00491665824840747
0.00497969232851525
0.00504272640862304
0.00510576048873083
0.00516879456883862
0.00523182864894641
0.00529486272905419
0.00535789680916198
0.00542093088926977
0.00548396496937756
0.00554699904948535
0.00561003312959313
0.00567306720970092
0.0057676183298626
0.00586216945002429
0.00595672057018597
0.00605127169034765
0.00614582281050933
0.00624037393067101
0.0063349250508327
0.00642947617099438
0.00652402729115606
0.00661857841131774
0.00671312953147942
0.00680768065164111
0.00690223177180279
0.00699678289196447
0.00709133401212615
0.00718588513228783
0.00728043625244952
0.0073749873726112
0.00746953849277288
0.00756408961293456
0.00765864073309624
0.00775319185325793
0.00784774297341961
0.00794229409358129
0.00803684521374297
0.00813139633390465
0.00822594745406634
0.00832049857422802
0.0084150496943897
0.00850960081455138
0.00865142749479391
0.00879325417503643
0.00893508085527895
0.00907690753552148
0.009218734215764
0.00936056089600652
0.00950238757624905
0.00964421425649157
0.00978604093673409
0.00992786761697662
0.0100696942972191
0.0102115209774617
0.0103533476577042
0.0104951743379467
0.0106370010181892
0.0107788276984318
0.0109206543786743
0.0110624810589168
