1e-16
1.11031696984974e-16
1.15044038673958e-16
1.1913851495512e-16
1.23321299229452e-16
1.28004727108215e-16
1.33259509112365e-16
1.39152949597204e-16
1.43934288350816e-16
1.48832352668504e-16
1.53947625627719e-16
1.59839894848807e-16
1.6649445497381e-16
1.72128256209345e-16
1.77821565869827e-16
1.8371740942494e-16
1.90439691345225e-16
1.97975942830115e-16
2.04459339956707e-16
2.10975970951678e-16
2.17692123250426e-16
2.25278161397239e-16
2.33723586972162e-16
2.41021067558057e-16
2.48356863639698e-16
2.55910528045685e-16
2.64396037957106e-16
2.73792821020342e-16
2.81889486486519e-16
2.90055175908873e-16
2.98475394633649e-16
3.10512957589039e-16
3.26057600367208e-16
3.42991931118953e-16
3.56521635493319e-16
3.70752535305517e-16
3.86528049223402e-16
4.04226310858267e-16
4.19479626793937e-16
4.34893997914007e-16
4.51537348502623e-16
4.70095405774838e-16
4.90866243151271e-16
5.08380267178249e-16
5.26230792972498e-16
5.44846662382832e-16
5.66120048872417e-16
5.87325869154428e-16
6.06623405654641e-16
6.26401527810366e-16
6.48569424992719e-16
6.73341554604979e-16
6.94985879460284e-16
7.16960235245978e-16
7.39815149566105e-16
7.65710784905353e-16
7.91508384473117e-16
8.15219444768033e-16
8.39473294764578e-16
8.6643972688835e-16
8.96280678509435e-16
9.30197350894399e-16
9.75094421863437e-16
1.02167424834355e-15
1.06153000571796e-15
1.10481280752803e-15
1.15370870566392e-15
1.2108405339631e-15
1.25831291490138e-15
1.30678846894701e-15
1.3596593090875e-15
1.41868077478921e-15
1.47070768218481e-15
1.52365639342037e-15
1.58141630820158e-15
1.64561228522753e-15
1.70563932077906e-15
1.76500420814916e-15
1.82599618419484e-15
1.89510381147746e-15
1.96472935750022e-15
2.0289976521149e-15
2.09499839970207e-15
2.16892018417676e-15
2.24910505127242e-15
2.3229727910748e-15
2.39742065026984e-15
2.47440676387745e-15
2.55656686215322e-15
2.63771604841856e-15
2.71821743943319e-15
2.83015969027983e-15
2.97177942980339e-15
3.09818659655092e-15
3.22721432848658e-15
3.37012762726097e-15
3.53085816137996e-15
3.67341229368789e-15
3.81893385978502e-15
3.97835856395406e-15
4.1562839021024e-15
4.31318350486172e-15
4.47405891800866e-15
4.65098066728481e-15
4.8479416090232e-15
5.02020130424241e-15
5.19773606857483e-15
5.39357774282004e-15
5.59164643661227e-15
5.77739481862581e-15
5.96931262870709e-15
6.18722224527883e-15
6.39752361576597e-15
6.60773740635426e-15
6.82529984871045e-15
7.07109212422134e-15
7.30319746486739e-15
7.53574980446162e-15
7.77592249301388e-15
8.04528255292304e-15
8.29540258986048e-15
8.64165335409836e-15
9.02261890102782e-15
9.40397791390574e-15
9.83146052176311e-15
1.03297430695306e-14
1.07605972460152e-14
1.12028164239858e-14
1.16914182180161e-14
1.21619890682572e-14
1.2631693093788e-14
1.31417516698055e-14
1.37098568724254e-14
1.42409270986174e-14
1.47756554410601e-14
1.53543664904312e-14
1.59117057607509e-14
1.64697450374179e-14
1.7076521625205e-14
1.77478865345128e-14
1.83740545231958e-14
1.9006081024602e-14
1.96648163862798e-14
2.03425442605051e-14
2.101144631458e-14
2.17004890284164e-14
2.24564596713661e-14
2.32056180009451e-14
2.39548064634144e-14
2.47342774590971e-14
2.55275002343736e-14
2.65107794426438e-14
2.76566657868237e-14
2.90226893790725e-14
3.03263710145508e-14
3.16275648743948e-14
3.30363905348111e-14
3.46098620617117e-14
3.6008912041279e-14
3.74647353912031e-14
3.90970693913777e-14
4.06291177118057e-14
4.21886473943793e-14
4.39094356912197e-14
4.55462757999987e-14
4.72099343259136e-14
4.90477937517947e-14
5.08169055306727e-14
5.26095235951525e-14
5.45770808632219e-14
5.64824616964286e-14
5.84079067345148e-14
6.05091924597731e-14
6.25527738298695e-14
6.46145561711837e-14
6.67703012886224e-14
6.90115968188061e-14
7.1248100142811e-14
7.35606973594485e-14
7.59496129880042e-14
7.8323691385252e-14
8.17018812456516e-14
8.58748138593473e-14
8.96323522934236e-14
9.35653595789708e-14
9.79035341007629e-14
1.0221882571226e-13
1.06587881932311e-13
1.11129680801195e-13
1.15631696785709e-13
1.20260255748245e-13
1.25071413236395e-13
1.29884626202552e-13
1.35167448935185e-13
1.40351031226075e-13
1.45605073278749e-13
1.51372998376734e-13
1.56952196801412e-13
1.62619357987135e-13
1.68839327199356e-13
1.74797607392064e-13
1.80877989674065e-13
1.87379679013996e-13
1.93854200858201e-13
2.00427408043453e-13
2.07164529962747e-13
2.13863576007161e-13
2.2083888331669e-13
2.28069550345371e-13
2.35381411629909e-13
2.43010878072601e-13
2.53330349725304e-13
2.65109387531355e-13
2.77002916914749e-13
2.89119670217836e-13
3.0267647184599e-13
3.15843636780435e-13
3.29307794621922e-13
3.44318897687748e-13
3.58556094985912e-13
3.73242402879858e-13
3.87780003784919e-13
4.02642490631636e-13
4.19352718821425e-13
4.35509476288571e-13
4.52119892787825e-13
4.69204631091432e-13
4.86231530898139e-13
5.04884841165687e-13
5.23040734102209e-13
5.4167328114384e-13
5.60878921379856e-13
5.80082840803898e-13
6.01036599659966e-13
6.22210852774728e-13
6.43354102805816e-13
6.64749511931304e-13
6.85978175109184e-13
7.09190228087456e-13
7.326310997493e-13
7.56155460655034e-13
7.87673138948489e-13
8.2367786509301e-13
8.61403563806892e-13
8.99771360880028e-13
9.42720236275202e-13
9.84191756975321e-13
1.02699886547623e-12
1.07092796886027e-12
1.1150287087894e-12
1.16043959488271e-12
1.20610670885432e-12
1.25707875468786e-12
1.30682869668919e-12
1.35813579922243e-12
1.41074542076101e-12
1.46370352599573e-12
1.51802339454782e-12
1.57270980799347e-12
1.63334029417444e-12
1.69219667387051e-12
1.75297963311892e-12
1.81494354329883e-12
1.87759573980625e-12
1.94137935674815e-12
2.00581271033626e-12
2.07213080856839e-12
2.13950143230599e-12
2.20950438366797e-12
2.28021498614369e-12
2.35427515762693e-12
2.45703513177062e-12
2.57534228414665e-12
2.69287607718009e-12
2.81529171750845e-12
2.94162833158555e-12
3.0706288934028e-12
3.20317930155646e-12
3.33805290883186e-12
3.47743047663595e-12
3.61965636947109e-12
3.76730692097442e-12
3.91769762959386e-12
4.07376823331097e-12
4.2320218682499e-12
4.3961069878813e-12
4.56221942788826e-12
4.74221505369432e-12
4.92237029092141e-12
5.10449389342039e-12
5.2833628519453e-12
5.48019261793971e-12
5.67913303272628e-12
5.87229351955474e-12
6.06696059817334e-12
6.28053154497672e-12
6.49635959966585e-12
6.70639042545054e-12
6.92400664579758e-12
7.14721163630073e-12
7.36898700913666e-12
7.7036111510217e-12
8.05643096107313e-12
8.44346740253955e-12
8.82354130048101e-12
9.23264507540532e-12
9.63179727768826e-12
1.00521880006378e-11
1.04750631252437e-11
1.09092015553512e-11
1.13484848980269e-11
1.18077420336163e-11
1.22829258237275e-11
1.27778361979435e-11
1.32820482343661e-11
1.3799872702133e-11
1.43272007328006e-11
1.48679912238226e-11
1.54230650618332e-11
1.5991607354932e-11
1.65771431906991e-11
1.71738741695958e-11
1.77772215461699e-11
1.83749344667199e-11
1.89914518692093e-11
1.9633993320141e-11
2.03026055482575e-11
2.09894620433586e-11
2.16891900309218e-11
2.23933063854909e-11
2.30853285485225e-11
2.41611322622534e-11
2.52917344124385e-11
2.64440018191003e-11
2.76358456398714e-11
2.89162174068463e-11
3.02148634775979e-11
3.14738992739475e-11
3.27673216589009e-11
3.41285686758303e-11
3.55591533330275e-11
3.70438767893488e-11
3.85244989117498e-11
4.00209991579895e-11
4.15645588754282e-11
4.31590409322308e-11
4.48131709089005e-11
4.65348645927434e-11
4.82976873242106e-11
5.00752440824634e-11
5.1850717294491e-11
5.36670118835476e-11
5.55371186907226e-11
5.74458054245799e-11
5.94237137862252e-11
6.1470168372179e-11
6.35688773984744e-11
6.56896991225416e-11
6.78041415611531e-11
6.99700844464612e-11
7.21998209669506e-11
7.53787443314609e-11
7.88410477867636e-11
8.26251541528478e-11
8.64834114429981e-11
9.02478334346271e-11
9.42695000388246e-11
9.83767145076067e-11
1.02556995948856e-10
1.06784567885581e-10
1.11169343105109e-10
1.15708974683768e-10
1.20336250418549e-10
1.25121535909934e-10
1.30028104215696e-10
1.34977410319382e-10
1.40090848538701e-10
1.45356188028375e-10
1.50697291638983e-10
1.56209641278829e-10
1.61858398398129e-10
1.67566514622871e-10
1.73448231301976e-10
1.79478754894559e-10
1.85593924484071e-10
1.91885136895872e-10
1.98314478999127e-10
2.04833950604471e-10
2.11527410746128e-10
2.18358858445103e-10
2.25307965209747e-10
2.35765345632188e-10
2.46610683181352e-10
2.57757805129519e-10
2.69128487105817e-10
2.811342759628e-10
2.93442652302971e-10
3.06050904751014e-10
3.18991591578209e-10
3.32384114500849e-10
3.46112752004214e-10
3.60002755094539e-10
3.74068109431701e-10
3.88707126470774e-10
4.03869036983992e-10
4.19488206123275e-10
4.35527425855551e-10
4.51805392923083e-10
4.68154549920231e-10
4.8477378172411e-10
5.02007695560984e-10
5.19789958986005e-10
5.37866912570805e-10
5.56204108624761e-10
5.75101508996271e-10
5.94459441375546e-10
6.14055170365172e-10
6.33949803465225e-10
6.54469023727909e-10
6.75489889796907e-10
6.96749442335343e-10
7.26658192452144e-10
7.59951395319005e-10
7.95602168579108e-10
8.3179080133891e-10
8.68762237844069e-10
9.06278782533915e-10
9.44225913154776e-10
9.84625324826988e-10
1.02575099250662e-09
1.06750913611149e-09
1.10970350434888e-09
1.15401638283858e-09
1.19900033121535e-09
1.24512699932788e-09
1.29212228245202e-09
1.33967892380646e-09
1.38870873860744e-09
1.43948290197163e-09
1.49142312534712e-09
1.54380750670446e-09
1.59646030539344e-09
1.64998876359641e-09
1.70581859401977e-09
1.76381738996063e-09
1.82286117460951e-09
1.88203892665816e-09
1.94143674531327e-09
2.00279050673261e-09
2.0664833688887e-09
2.13163220015002e-09
2.21765801838753e-09
2.32137692079475e-09
2.42785343417448e-09
2.53653455408819e-09
2.64627759049215e-09
2.75692266377938e-09
2.86962144019373e-09
2.99149231474018e-09
3.11541419470663e-09
3.24175376159154e-09
3.3697054411305e-09
3.49882843841655e-09
3.62981959311265e-09
3.76424196101169e-09
3.90815180490947e-09
4.0540118579093e-09
4.20219976011224e-09
4.35190043501424e-09
4.50285204812849e-09
4.65596369412233e-09
4.81282334565494e-09
4.9745084387592e-09
5.1422968710333e-09
5.31511484568554e-09
5.49007127616854e-09
5.66533785146654e-09
5.84139250330795e-09
6.02036379547224e-09
6.20438139499218e-09
6.39379469972234e-09
6.67288168876819e-09
6.96493383772141e-09
7.27049979374855e-09
7.58568944551421e-09
7.90680106887363e-09
8.23303719550093e-09
8.56647201967186e-09
8.9100199388445e-09
9.26472199253975e-09
9.63854968038686e-09
1.00191855284583e-08
1.04071636545665e-08
1.0799860850568e-08
1.11960524950855e-08
1.15973748024248e-08
1.20070350092705e-08
1.24276007079154e-08
1.28594656747766e-08
1.33012538266152e-08
1.37517741743375e-08
1.42114105503994e-08
1.46879902776538e-08
1.5179771632895e-08
1.56784093523609e-08
1.61783928529773e-08
1.66802903420431e-08
1.71885761555068e-08
1.77078868111151e-08
1.82401566725007e-08
1.87842369686686e-08
1.95526229747466e-08
2.04051582106806e-08
2.12797006259985e-08
2.21785368638648e-08
2.30999482529465e-08
2.40426105263956e-08
2.50075258535804e-08
2.59965476234386e-08
2.7010086726114e-08
2.80774835045629e-08
2.91690151795043e-08
3.02824565889373e-08
3.14081752215158e-08
3.25418245099379e-08
3.36872912831972e-08
3.48523404599725e-08
3.60434744850836e-08
3.72631428050206e-08
3.85102082640339e-08
3.9782382743531e-08
4.10784968446306e-08
4.2398824925411e-08
4.37444228534988e-08
4.51161053507236e-08
4.65139329696281e-08
4.79375623072033e-08
4.93868047619788e-08
5.08618307935224e-08
5.23629505322895e-08
5.38903384414321e-08
5.61484279705223e-08
5.85104340372774e-08
6.09773265080805e-08
6.35165717114181e-08
6.61016652110316e-08
6.8727518822514e-08
7.14038388887759e-08
7.41423787016061e-08
7.69487529981776e-08
7.98218746849985e-08
8.27581548876889e-08
8.57553789696808e-08
8.88141468405622e-08
9.19361074894913e-08
9.51224680503265e-08
9.83734988070185e-08
1.01688997371474e-07
1.05068902185664e-07
1.08513501273143e-07
1.12023259154468e-07
1.15598581496588e-07
1.19239817541005e-07
1.2294715255508e-07
1.26720773405644e-07
1.30560942478805e-07
1.34467964118457e-07
1.38442133496529e-07
1.42483718136562e-07
1.46592971644023e-07
1.50770151579993e-07
1.56858146720297e-07
1.63357143503947e-07
1.70028081986364e-07
1.76892548098981e-07
1.83922102969759e-07
1.91093367861308e-07
1.98405863331354e-07
2.0587182950133e-07
2.13501774045151e-07
2.21298733438946e-07
2.29260829485729e-07
2.37385886934585e-07
2.45673702628923e-07
2.54125648309226e-07
2.62743368341091e-07
2.71527985902288e-07
2.80480133682974e-07
2.89600290528049e-07
2.98889035261341e-07
3.08347091198351e-07
3.17975245036e-07
3.27774265455166e-07
3.37745120089004e-07
3.4788847926913e-07
3.58204843887032e-07
3.68694825568694e-07
3.79359128898342e-07
3.90198487456767e-07
4.01213617531385e-07
4.12405207321594e-07
4.28754952395355e-07
4.46484847696659e-07
4.63206127356611e-07
4.81910404425611e-07
4.9954324484459e-07
5.18025590227711e-07
5.37704551300454e-07
5.57920260425724e-07
5.7854850076289e-07
5.99567826201958e-07
6.20992260981981e-07
6.41972083720871e-07
6.63437085977522e-07
6.86172976104152e-07
7.09583805204649e-07
7.32408165824596e-07
7.55631925307967e-07
7.79327651141891e-07
8.03502559574788e-07
8.25948405285121e-07
8.50329657751755e-07
8.75854389510507e-07
9.01848487175725e-07
9.28120525544946e-07
9.54865558989448e-07
9.82167164966678e-07
1.0099438966872e-06
1.03814305575417e-06
1.06678395958249e-06
1.09589199190924e-06
1.13867075992448e-06
1.18364629971439e-06
1.23059929738461e-06
1.2786490098687e-06
1.32745116093628e-06
1.37711277525968e-06
1.42782021221802e-06
1.47965878502338e-06
1.53262268356034e-06
1.58668124782363e-06
1.6418179617196e-06
1.6980339601639e-06
1.75533781212142e-06
1.80868858710189e-06
1.86949358875482e-06
1.93080088166016e-06
1.98780600438313e-06
2.05260690456217e-06
2.11197683468456e-06
2.17341072935605e-06
2.23962605823562e-06
2.30750333654645e-06
2.37643703616506e-06
2.44630576352224e-06
2.51712244873125e-06
2.59103736970255e-06
2.66135820514421e-06
2.73102863634513e-06
2.80610866135874e-06
2.88619148831436e-06
2.99601769094569e-06
3.11597858046989e-06
3.22601809829685e-06
3.35344860178546e-06
3.46906802660523e-06
3.60376063693989e-06
3.72484425123998e-06
3.84652277203838e-06
3.98060065090441e-06
4.11862227923711e-06
4.25891505125954e-06
4.4011795042377e-06
4.56126155142696e-06
4.70829061191935e-06
4.85600601811782e-06
4.99441493460611e-06
5.14783734547181e-06
5.32850242612013e-06
5.49313783777153e-06
5.65790052554547e-06
5.82462291455041e-06
5.99407657706009e-06
6.16663638735708e-06
6.34249802176692e-06
6.52168441340031e-06
6.70418699975033e-06
6.88998125114462e-06
7.07904912714231e-06
7.2713808803224e-06
7.46697804189759e-06
7.68593899845523e-06
7.96044289673894e-06
8.25465044895445e-06
8.55674409427711e-06
8.8677647925752e-06
9.18631053409092e-06
9.51213970342861e-06
9.84545191939749e-06
1.01863298171221e-05
1.0534721503115e-05
1.0890540609746e-05
1.12537146289227e-05
1.16241912045088e-05
1.20019333557308e-05
1.23478913668536e-05
1.2770322661115e-05
1.31406265147167e-05
1.3579338571612e-05
1.39612995812139e-05
1.44135453209952e-05
1.4808162478416e-05
1.52748856374288e-05
1.56878580612705e-05
1.61663531696101e-05
1.65925520674703e-05
1.70891573381493e-05
1.75302820670519e-05
1.80407487395818e-05
1.85611862798272e-05
1.90241122768692e-05
1.99871375329587e-05
2.08122988978697e-05
2.16719550982335e-05
2.25324645646507e-05
2.33991443410385e-05
2.42852852236901e-05
2.51804118658772e-05
2.60932887940221e-05
2.70223565650002e-05
2.79671290867338e-05
2.89300911965205e-05
2.99102243177769e-05
3.09081606074274e-05
3.19244967603519e-05
3.29590384676208e-05
3.40121493742669e-05
3.50840569122596e-05
3.61748775683991e-05
3.72847677491426e-05
3.84138033289461e-05
3.94855468406729e-05
4.07310352624703e-05
4.19486122041812e-05
4.31258944530285e-05
4.43669903025456e-05
4.5585003396919e-05
4.6865233720151e-05
4.81331651101779e-05
4.945103218463e-05
5.07795685884785e-05
5.43375708892242e-05
5.70082301031415e-05
5.96928656185631e-05
6.2180395980832e-05
6.46412796171346e-05
6.7219468874407e-05
6.9807648013775e-05
7.22668014119454e-05
7.48093633414263e-05
7.75954896603393e-05
8.01939391338823e-05
8.291526086819e-05
8.55642557133905e-05
8.82030360818009e-05
9.1071328014912e-05
9.39328141432956e-05
9.70408757011822e-05
0.000100061052556378
