0.158989071087382
0.163938313191212
0.163528179386438
0.163064089630884
0.16271001597512
0.162731659340929
0.163172791539859
0.164054082575699
0.163928159585368
0.163804578395065
0.163847087523322
0.164332571887454
0.165238210335392
0.165290017300093
0.165316111633825
0.165480524687016
0.166039549801077
0.166967459107534
0.167121725715149
0.167239040540389
0.167473907625404
0.168059588839381
0.168971400478643
0.169165933419498
0.169327459489254
0.169596683796316
0.170186352292068
0.171070279959697
0.171274801074986
0.171457549207548
0.171744370822079
0.172006768174845
0.173246903206537
0.174723476448953
0.174983902210626
0.175289323185904
0.175934782430097
0.177018833860301
0.17715406030182
0.177262040326321
0.177639153633099
0.178414767254923
0.179616695804603
0.179843874575515
0.180060791420825
0.180440043993337
0.181265469239032
0.181924617493251
0.182072078859044
0.182301074440126
0.182889827614253
0.18385081669424
0.184090506935637
0.184329607937621
0.184713037973294
0.185476627453009
0.186096808943784
0.186290592874304
0.18655777649041
0.187134111315612
0.188020030945906
0.187974990619762
0.18902936652441
0.190066264733585
0.190157077616407
0.19053659371614
0.191413136512897
0.192950291536377
0.193275616701938
0.193598020229017
0.194244690009549
0.195335759800495
0.195584978273591
0.195847277791232
0.196424247038953
0.197405379068711
0.197761937589688
0.198047831518433
0.19848075426699
0.199361891595663
0.200118797335297
0.200394119173123
0.200766604905265
0.201521694624913
0.202575259471582
0.203015007069924
0.203423375222796
0.203964116017422
0.204496185916593
0.204886288154007
0.205269962169977
0.205517407297969
0.206864483275655
0.207246734122519
0.207664972643431
0.208528879078898
0.209937297145394
0.210360048638062
0.210797698310044
0.211613610938504
0.212916009766037
0.213292304417905
0.213708748546425
0.214502169475935
0.215751972625501
0.216107113645583
0.216522420165081
0.217310104872233
0.217999863052405
0.21825715924901
0.218663027702201
0.219546770800043
0.219981689687835
0.220393956791008
0.220973765024397
0.222001215029332
0.222496762107055
0.222962061757774
0.223574261107217
0.22459903731743
0.225067064203455
0.225398974586883
0.225793738792187
0.226249021657523
0.227285327414648
0.229097853909935
0.229682767983316
0.230309734471798
0.231395838670819
0.231871750460196
0.232324015537812
0.233167322584736
0.234523665659153
0.235138400026623
0.235732472465073
0.236680370517461
0.237121825566086
0.237568997749212
0.238382876665595
0.239641837637578
0.240233809349656
0.240821622116018
0.241615578700125
0.242164342463435
0.242655866919575
0.243326411881876
0.244121484914878
0.244767747774396
0.245427564061644
0.246283385565798
0.246882331861528
0.24677636775467
0.247436149023631
0.249029931559656
0.249820025976206
0.250552383242244
0.251718740593038
0.253496474089309
0.254184184624372
0.254995406280972
0.256373839240212
0.256988329679709
0.257649600244707
0.258802166626252
0.25934248074243
0.259946366160018
0.261031782793293
0.261595955345232
0.262211014310411
0.26326143691987
0.263843303559232
0.264464082019184
0.265481156932708
0.266072632795756
0.266696279216882
0.267558527532581
0.268256421606327
0.26892577794697
0.269780777858527
0.270455675464855
0.271097628394143
0.271716978724908
0.273650164560434
0.274459590641843
0.275478903053009
0.276626337415352
0.277562313033214
0.278600540971565
0.279683077831061
0.280413795688262
0.281355864984748
0.28208967808096
0.282844421316067
0.284118751347617
0.28491694738567
0.285767485641907
0.287104711831724
0.28789229104557
0.288737107572475
0.290057827031624
0.290810274764928
0.291643514008871
0.292527263198791
0.293307365021001
0.294199496139312
0.294885518239909
0.295575767572966
0.296527547082228
0.297345720788668
0.298192779054787
0.299268137586039
0.299839038196428
0.30120107801661
0.302122253068476
0.303144634901047
0.3048896910238
0.305929887683237
0.307065992889797
0.308888856964709
0.309888089879185
0.311032105791292
0.311724833606384
0.31257044333337
0.314117298199738
0.315058894708099
0.31613224598719
0.316935658632995
0.317758367662148
0.319128963448791
0.320017341505461
0.321039605999369
0.32185671943157
0.322702570739462
0.324038809162067
0.325035720494301
0.32602179712536
0.326745461438359
0.327502148181494
0.328756428202319
0.329722230294581
0.330705271424878
0.331103310092322
0.332448575923794
0.333651703331364
0.334965648477939
0.337080218600479
0.338384384368235
0.339853652507404
0.340940516388721
0.342077635257413
0.343015831162146
0.344060301137385
0.345848994422384
0.347046007980653
0.348409616989197
0.349468051282444
0.350586995750764
0.351516354570198
0.352545232124668
0.354227835091437
0.355358251606772
0.356660306083456
0.357677617393133
0.358775934335781
0.359663055274171
0.360662678956833
0.361576513175921
0.362611464220657
0.363595505144202
0.364638883607786
0.365982604128019
0.366942594242867
0.368961181572392
0.370362191063658
0.372056493738404
0.373412275728334
0.374933226143235
0.376163014112379
0.37756711096393
0.378792664719117
0.380200150949452
0.38147105129565
0.382883689101662
0.384156993865984
0.385534188166436
0.386791297371818
0.38813925936972
0.38968806422364
0.391123220511832
0.39215000697477
0.393199441462579
0.394952463079898
0.396375774267408
0.397476839994423
0.398486426488911
0.400105177469432
0.401413637037574
0.402639349384653
0.403801860112778
0.404710934221768
0.405681307923721
0.407282372415822
0.40883889447523
0.411119875950422
0.412676707413028
0.414803634992178
0.416224246851703
0.417606655440327
0.419018565128291
0.420246241158307
0.421676876958823
0.423181449094312
0.424921068674382
0.42649000967087
0.428177724252537
0.429628696819122
0.431247325044385
0.432670212947417
0.434318855479344
0.435756030637262
0.437431297277741
0.438855767804183
0.43987810429829
0.441006173314542
0.442253994784878
0.443811365770646
0.445277130257915
0.446892275090002
0.448253141164583
0.449219434407566
0.450269646762495
0.452312158657169
0.453977825768294
0.455869726116776
0.457618454783091
0.460004953363665
0.461910130091607
0.463139606402
0.464761514204524
0.466533375896902
0.468706693784815
0.470625046800133
0.472274042395635
0.473797759455041
0.475264471190019
0.477072270841324
0.478795181932507
0.480847960175516
0.482623386834103
0.48389913266802
0.485326646989219
0.486743616638868
0.488108321950277
0.489687098655585
0.491249464222317
0.493070071990139
0.494691190145095
0.495921939076722
0.4972794014203
0.498665380315261
0.500014979934953
0.501237133144457
0.503125621948309
0.505954202427839
0.508320623115383
0.509933930552195
0.51223158295619
0.514250886933519
0.515877209055781
0.517802169722252
0.51977201387318
0.52157246395321
0.523603460577509
0.52555061149603
0.527206140808741
0.529056065173674
0.530910645740106
0.532588758745472
0.534457491843078
0.536281217203591
0.537874858036592
0.53965222295614
0.541412428538975
0.542984430990497
0.544751808507904
0.54647555435308
0.54798745938606
0.549705586997506
0.551380090170187
0.552853896971806
0.55455511475404
0.556932193558543
0.55913893252971
0.561015480399218
0.562700692221181
0.565076226999378
0.567311932131578
0.569271260380371
0.571660037873364
0.573979989828909
0.575946457852546
0.577582340561301
0.579591572156646
0.581745277894535
0.583737842049566
0.586075475245999
0.588234998329033
0.589998552580089
0.591444304770975
0.593309301876538
0.595302474876169
0.597154206193515
0.59873987430763
0.600618200021233
0.60252324706428
0.604243170338483
0.605739216667353
0.607537745021197
0.609384070668679
0.611059942758888
0.612509393187232
0.613849095460491
0.616163465549322
0.618829252142292
0.621652079901343
0.624142710860916
0.626199740037931
0.628054114505433
0.630741119032234
0.633191277621522
0.635263969261913
0.637048122370403
0.63912235749642
0.641464875742793
0.643686263813135
0.645625636330357
0.647342218938254
0.64961806374586
0.651931491606336
0.65396069162466
0.655622571940272
0.657118564391349
0.658828265722561
0.661015242028008
0.663170621635675
0.664979519797161
0.666448107196956
0.667901153768005
0.669861926544697
0.67190133860219
0.673709090649115
0.674155402205208
0.677414114999141
0.680540421306283
0.683191969210276
0.68530903144184
0.687139479829148
0.689087148431092
0.691583781666898
0.694311720157042
0.696768302483788
0.69883497878323
0.700621549690811
0.70238926247585
0.704355931896425
0.706631441611181
0.709055573923347
0.71122829149278
0.713080726157827
0.714728101184689
0.716381319983171
0.718182367041915
0.720074918684674
0.722393889825407
0.724599211970505
0.726438216436687
0.727944374699541
0.729344194184163
0.730865660574143
0.732551085901097
0.734251047812608
0.736319796811887
0.738862319027079
0.741519279816032
0.743939565157653
0.746035666341598
0.747971633558839
0.749979622516158
0.75214181758598
0.754337732245626
0.756683969949436
0.759313022699518
0.761702006931337
0.76372888313154
0.76548020394165
0.767147163640767
0.768883127701445
0.77071414281481
0.772564644362461
0.774366185449853
0.776129411513449
0.777912264054915
0.780230886118429
0.782493545334661
0.784398308091983
0.785942782854645
0.787311788733979
0.788702767092021
0.790201572536542
0.791767624326692
0.793316609012683
0.794364844445942
0.796673067197212
0.798992135206171
0.801261828839697
0.803430213038921
0.80552606568237
0.807604619358417
0.809677675840107
0.811717405152121
0.813978074892473
0.816659360663629
0.819103569306895
0.821140236606241
0.822840482457658
0.824383964457835
0.825924330106413
0.827522414503766
0.829157030110106
0.830779151117198
0.832358526452117
0.833900344837154
0.835420450915288
0.836930401826536
0.838432039949262
0.839918009354034
0.841383089906622
0.842828004436817
0.844255994903336
0.84566837648736
0.84706397380069
0.848743388625111
0.851003681568898
0.853427860331694
0.855635950775475
0.857535589947735
0.859241822943073
0.860903337555193
0.8625940811134
0.864305458683447
0.86599638582694
0.867639884570579
0.869234902550531
0.870797090119875
0.872336895387241
0.873855570930748
0.875349490620895
0.876815962619092
0.878255314949897
0.879669501955784
0.881060101202155
0.882427628722012
0.883772024891453
0.885093524593619
0.886392495927309
0.887669607421505
0.888925487186836
0.890160586275818
0.891375261914254
0.892569894637095
0.893744918783101
0.894600598053536
0.896366467674747
0.898268522065286
0.900163366064645
0.901918584288655
0.90352307205709
0.905036813381817
0.906514549468352
0.90797445178579
0.909409226825265
0.910808095146673
0.912168083077836
0.91349297765017
0.914787933029709
0.91605608835321
0.917298422489286
0.918515096163625
0.919706502234555
0.920873477549675
0.922017053075941
0.923138180710235
0.924237638989099
0.925316155470816
0.926374359174741
0.927412618799208
0.928431524230974
0.92943174276739
0.930413892031386
0.931378505564704
0.93232605867686
0.933244156905048
0.935350934622652
0.935348483577635
0.937381042079192
0.937542626295665
0.937912893521047
0.939041992943054
0.940284188603562
0.941497545986589
0.942658508814398
0.943775337461943
0.944390584770869
0.945137001152786
0.946457098816185
0.947745997595209
0.948418820990957
0.949121785877596
0.949899919798919
0.950734050125265
0.950573077220059
0.95160357680735
0.952624400242957
0.953367564346622
0.954073566661156
0.954872903823634
0.955683744155736
0.95644008997808
0.957159150349598
0.957871052531913
0.958577975753552
0.959311164214054
0.96095593656407
0.962659430082019
0.963996758324363
0.965042251470299
0.965987417682777
0.966934984814738
0.967893554607761
0.968838943948208
0.969754577744792
0.970638418872605
0.971495358894596
0.972330309087644
0.971066867096313
0.972139294589515
0.973456175295253
0.972657739062364
0.974083259128346
0.973456777960677
0.973083166609422
0.973610288645208
0.974315527299959
0.975023393952342
0.975694997693157
0.97633436047167
0.97695287082221
0.976932688763007
0.977073893665172
0.978001815506502
0.978946865832898
0.980434880038312
0.982880226120698
0.981637846674987
0.983512210177063
0.982304054673145
0.984489233578378
0.983464642320277
0.98277867764262
0.983566897854286
0.984613226636776
0.985601314102131
0.986476246011735
0.987308448549273
0.986865600486382
0.986596318348331
0.98665865252419
0.98812943661744
0.989680037504641
0.989596515698744
0.989427896761289
0.989406223573825
0.989570568608028
0.989880762199673
0.990280208925422
0.990717114381695
0.991159502192841
0.99159081076172
0.992005584926428
0.992403922564258
0.992788263765709
0.987816648888891
0.988620767765092
0.990415262450779
0.99214714200436
0.993522384657337
0.994545763410753
0.995363034555882
0.99607717729831
0.996732681482016
0.997346429032466
0.997926898791911
0.998480051344954
0.999010384258818
0.999521222981335
0.99048068342981
0.996414301848381
0.990639231133639
0.997881708339454
0.991885799961472
0.998724825814514
0.992618146263115
0.999270770411964
0.992713783443774
0.999099497003781
0.993227604408722
0.999780175822062
0.99380883669511
0.988782813802663
0.99584234176403
0.9931891623334
0.993886754123176
0.993693133357306
0.994071637188936
0.99386093839187
0.994722899296015
0.994835020616433
0.995237608086509
0.99566593325152
0.995952528880579
0.996359579783524
0.996721265194428
0.997066374266556
0.997437709876401
0.997787893567544
0.998132787578974
0.998479526300973
0.998816050432012
0.999148730676369
0.999474864638816
0.999794111731983
0.988352149126515
0.995014136551191
0.996312372993042
0.996386210750423
0.996482062044897
0.99681799515197
0.997030507594071
0.997162330830706
0.997398557889802
0.997093566919181
0.997387700575377
0.986097920952353
0.995694356483095
0.984484782201943
0.987763561370323
0.985646381899666
0.993152871419265
0.992156656656844
0.985635182206145
0.997311254027604
0.994253812114151
0.994344105561195
0.999244517605409
0.999046596615898
0.998629938665418
0.994759944731996
0.999846350629493
0.999099747730542
