5.3579046841534e-08
5.47717951660201e-08
5.58763308282324e-08
5.69972750816193e-08
5.82218466484235e-08
5.92322824313085e-08
5.99727477082984e-08
6.0706771533157e-08
6.14913109628543e-08
6.24254510836761e-08
6.35189470076521e-08
6.47788670548062e-08
6.62092862401442e-08
6.70677275535586e-08
6.78982960791624e-08
6.87618564831522e-08
6.9759211512352e-08
7.09101670695444e-08
7.22215956313891e-08
7.369368130181e-08
7.45951497464021e-08
7.54764232557941e-08
7.63959590905778e-08
7.74534309124464e-08
7.86619477858681e-08
8.00235659491736e-08
8.13758915627141e-08
8.2352474954342e-08
8.33021876715317e-08
8.42852808138344e-08
8.53525555579431e-08
8.75578241733873e-08
8.90080761139755e-08
9.04264143524274e-08
9.19231344760911e-08
9.36830046756904e-08
9.5786454071893e-08
9.81311601233646e-08
9.99960637913639e-08
1.01498789543262e-07
1.03002061855699e-07
1.04600855950157e-07
1.06469815789413e-07
1.08612820570386e-07
1.10824368692009e-07
1.12372318974865e-07
1.13871680734423e-07
1.15428414505434e-07
1.17213254831847e-07
1.19254879359547e-07
1.2156035039715e-07
1.23107153606625e-07
1.246049217002e-07
1.26162942029697e-07
1.27950712744572e-07
1.29988060664705e-07
1.32274601825369e-07
1.33863931103134e-07
1.35405944390805e-07
1.37009387462676e-07
1.3883979335263e-07
1.41359120036036e-07
1.44826988362937e-07
1.48839538570962e-07
1.51225241784531e-07
1.53558296524111e-07
1.56015166817614e-07
1.58897259286897e-07
1.62339529486672e-07
1.66176716470023e-07
1.68557535643013e-07
1.70924575203947e-07
1.73434910223995e-07
1.76376123602168e-07
1.79763468867392e-07
1.82817374407455e-07
1.85106567431304e-07
1.87492373879651e-07
1.90261787796595e-07
1.93451612977309e-07
1.97062538914445e-07
1.99681346072517e-07
2.02214692881072e-07
2.04852596435233e-07
2.07874226587027e-07
2.1129257720826e-07
2.15093843882759e-07
2.17789630823844e-07
2.2042529677833e-07
2.2317382745542e-07
2.26305206482167e-07
2.29504847386735e-07
2.34053602060391e-07
2.39522958238777e-07
2.45642714473506e-07
2.49716630433765e-07
2.53692076189752e-07
2.57876207086104e-07
2.62764753454567e-07
2.68545030728855e-07
2.74393021336062e-07
2.78653216317105e-07
2.82854810019274e-07
2.87277111872366e-07
2.92399285581737e-07
2.98249735558418e-07
3.02406392246076e-07
3.0651294559744e-07
3.10853195551473e-07
3.15897409850409e-07
3.21642676069516e-07
3.25902065932498e-07
3.30101911224288e-07
3.34526635351178e-07
3.39628464677479e-07
3.45387933699901e-07
3.49783565495639e-07
3.5410718596773e-07
3.58642241123821e-07
3.63823178128949e-07
3.6962201610931e-07
3.75583810354793e-07
3.82274629293906e-07
3.89963550776775e-07
3.99004173897222e-07
4.09013019024648e-07
4.15681880239008e-07
4.22349089785467e-07
4.29699898268221e-07
4.38081318857082e-07
4.47632289738451e-07
4.54451910905507e-07
4.61229349675509e-07
4.68432381894352e-07
4.76858388624843e-07
4.86486248660564e-07
4.93436191993469e-07
5.00395660138807e-07
5.07798681844861e-07
5.16412508824571e-07
5.23516619822479e-07
5.30404752058023e-07
5.37617452161887e-07
5.45926437807825e-07
5.55303763356422e-07
5.62885557840775e-07
5.70187672750921e-07
5.77758098242474e-07
5.86345204183535e-07
5.95963153105654e-07
6.03390926889349e-07
6.17075897136108e-07
6.27924352129364e-07
6.39164785197781e-07
6.52099396851953e-07
6.67403462824705e-07
6.78440515400558e-07
6.89385797085607e-07
7.01460011995836e-07
7.15263007584647e-07
7.30139155396196e-07
7.41672340340157e-07
7.53312708307056e-07
7.66193988311491e-07
7.80763173579754e-07
7.91973255427686e-07
8.0326064991562e-07
8.15361981106655e-07
8.29544209380404e-07
8.41521531345847e-07
8.53211372191784e-07
8.65464736958403e-07
8.79513000828044e-07
8.95278937792469e-07
9.07431307686886e-07
9.19651835095176e-07
9.32607110768381e-07
9.47462198477255e-07
9.59879425670181e-07
9.72096463982184e-07
9.84912252922033e-07
1.00794012838289e-06
1.02640294090038e-06
1.0453669948968e-06
1.06689568013387e-06
1.09216148387927e-06
1.11046215959693e-06
1.12893183635147e-06
1.14960178741475e-06
1.17323760865596e-06
1.191559172846e-06
1.2101694426706e-06
1.23104167411984e-06
1.25476387650519e-06
1.27354269026438e-06
1.29257375055878e-06
1.31376516631254e-06
1.3376664855675e-06
1.35742156527023e-06
1.37693312853989e-06
1.39757294819368e-06
1.42142677357026e-06
1.44159732071773e-06
1.4616050414715e-06
1.48273678336225e-06
1.50697953568733e-06
1.52752226419362e-06
1.54791989446627e-06
1.56941930812621e-06
1.59395259760114e-06
1.61476351199819e-06
1.64408334102956e-06
1.67300180676908e-06
1.70611715994072e-06
1.74566703993267e-06
1.77663834539317e-06
1.80781346900683e-06
1.8425832136555e-06
1.88209837616324e-06
1.91349299945137e-06
1.94538739287643e-06
1.98102748717835e-06
2.02132553985863e-06
2.05292522008049e-06
2.0853249608502e-06
2.12172333599829e-06
2.15314968274424e-06
2.18458075966504e-06
2.21935860446894e-06
2.25852779849085e-06
2.29183712739915e-06
2.32507597015451e-06
2.36033399227836e-06
2.40091298275232e-06
2.43512891416744e-06
2.46944440653632e-06
2.50580195533839e-06
2.53966091122746e-06
2.57292995550452e-06
2.60800343512405e-06
2.64821620745279e-06
2.69365258401632e-06
2.74718206943412e-06
2.81095037260682e-06
2.86159805499674e-06
2.91302239198024e-06
2.97088573546257e-06
3.02824344579569e-06
3.08117414722027e-06
3.1358970443927e-06
3.19811964367941e-06
3.25116180667011e-06
3.30446087230622e-06
3.36359851308933e-06
3.41594638429841e-06
3.46867065425576e-06
3.5272527122127e-06
3.59305252813344e-06
3.64873708350442e-06
3.7047356928294e-06
3.76438162917143e-06
3.81854099046123e-06
3.87371864980063e-06
3.93499909700255e-06
3.98994982120872e-06
4.04534978971853e-06
4.1043794662239e-06
4.16602565294181e-06
4.22528882630912e-06
4.2847458203627e-06
4.34760686943575e-06
4.42754559837476e-06
4.52924096775323e-06
4.61258085156609e-06
4.69923574654565e-06
4.79906595126399e-06
4.88514760436284e-06
4.97244603956314e-06
5.07063107108009e-06
5.15664198216951e-06
5.24406724921307e-06
5.34239588578004e-06
5.42993286574016e-06
5.51875276327029e-06
5.6179408929859e-06
5.7070036818044e-06
5.79718156729277e-06
5.89723253797881e-06
5.98762917944412e-06
6.07907212069339e-06
6.18005024467281e-06
6.27165578360182e-06
6.36430557144271e-06
6.46315512138969e-06
6.55835607824678e-06
6.65325558220298e-06
6.7533360717914e-06
6.8490732672513e-06
6.94446133077081e-06
7.04513035853203e-06
7.14169456443965e-06
7.26491825064269e-06
7.4063954729981e-06
7.57531196808854e-06
7.72183164286237e-06
7.86956493083578e-06
8.03461751454341e-06
8.18014818019983e-06
8.32862312822079e-06
8.4959737633403e-06
8.64295512611831e-06
8.79360334897568e-06
8.94680379045763e-06
9.09663792016544e-06
9.25150118283728e-06
9.39907508615382e-06
9.54722620572203e-06
9.71186343509008e-06
9.86313637904285e-06
1.00177038829446e-05
1.01895830503367e-05
1.03436273483472e-05
1.05010249190454e-05
1.06515902461359e-05
1.08025323078426e-05
1.09639684162728e-05
1.11233019519485e-05
1.12847830877588e-05
1.14557012664485e-05
1.16186949900146e-05
1.17817716215824e-05
1.20107765939789e-05
1.22376180287056e-05
1.24826767405097e-05
1.27612892673721e-05
1.30062542575906e-05
1.32586292931705e-05
1.34913216195059e-05
1.37313192835001e-05
1.40053962441628e-05
1.42523736691379e-05
1.45067161577046e-05
1.47490953122049e-05
1.49932058614883e-05
1.52664499018563e-05
1.551678204926e-05
1.57751265421202e-05
1.60238739486029e-05
1.62750434583797e-05
1.65541156046963e-05
1.68100440142872e-05
1.70736889766675e-05
1.73273803227285e-05
1.75837666733264e-05
1.78676640949384e-05
1.81345168628961e-05
1.84026370356359e-05
1.86565876054724e-05
1.8913856019958e-05
1.91722850989702e-05
1.942898809494e-05
1.98151389124775e-05
2.02031904096383e-05
2.06091437838325e-05
2.10764093369324e-05
2.14914892114029e-05
2.19201219702158e-05
2.23130682923255e-05
2.272241923014e-05
2.31213820781488e-05
2.35307659811196e-05
2.39946682761554e-05
2.44139912951744e-05
2.4849593120342e-05
2.52630007833147e-05
2.56852695823925e-05
2.60915346359941e-05
2.65092351552647e-05
2.69222459052112e-05
2.73476231652112e-05
2.78243540917247e-05
2.82590437387042e-05
2.87085565416006e-05
2.9136904603886e-05
2.9574218517273e-05
2.99959194174924e-05
3.04298023196397e-05
3.0856937099812e-05
3.12973742163568e-05
3.1733155460849e-05
3.21785375461423e-05
3.28375868519049e-05
3.34896398544851e-05
3.41941976244426e-05
3.48508726241601e-05
3.5536354749106e-05
3.6206428833674e-05
3.68972025524095e-05
3.75717736635096e-05
3.82641234923727e-05
3.8944642592178e-05
3.9642497213109e-05
4.03315349197941e-05
4.10360451951353e-05
4.17320842712487e-05
4.24414425297387e-05
4.31761917933557e-05
4.39027240813047e-05
4.45863676015971e-05
4.52755141826847e-05
4.60509459902494e-05
4.67921404705492e-05
4.74982735405006e-05
4.81961393037218e-05
4.89013404113085e-05
4.9609151631574e-05
5.03324094839326e-05
5.10588670101304e-05
5.17936201798204e-05
5.25278687004083e-05
5.3263884639994e-05
5.42676547770287e-05
5.54285319340815e-05
5.65672283712435e-05
5.77449027344316e-05
5.88832082157417e-05
6.00576622623142e-05
6.11924898584377e-05
6.23717018509451e-05
6.3514272516413e-05
6.47076189765037e-05
6.58617338684832e-05
6.69400555365655e-05
6.80682820190945e-05
6.92266772538153e-05
7.04347880044005e-05
7.16205302510848e-05
7.28313001734483e-05
7.40066412994626e-05
7.52176824406674e-05
7.64014327206109e-05
7.76334388406445e-05
7.88346777143108e-05
7.99763429700607e-05
8.11415869826789e-05
8.23316822795916e-05
8.35812002195397e-05
8.48187567483602e-05
8.60900929205083e-05
8.73209351519705e-05
8.84835070021954e-05
9.01862013539374e-05
9.19648569694692e-05
9.39087676968539e-05
9.58430086358977e-05
9.76578955242498e-05
9.95658259776729e-05
0.000101467430859471
0.000103470217169421
0.000105417345364475
0.000107226700483393
0.000109125576040764
0.000111041970445813
0.000113064152756613
0.000115043283879948
0.000116911023800445
0.000118816563098931
0.000120739412062991
0.000122779400910245
0.000124798126830707
0.000126722020080145
0.000128684687863982
0.000130649023939238
0.000132722936435236
0.000134770094393617
0.000136725731905126
0.000138728905982373
0.000140726077950736
0.000142697291808158
0.000144732851748173
0.000146776590616554
0.000149646203464745
0.000152628417256313
0.000155700881561661
0.000158988042130615
0.000162145060360744
0.00016511129879686
0.000168233525714787
0.000171409368942674
0.000174843356946902
0.000178106588704916
0.000181089780919405
0.000184343197053023
0.000187529757614662
0.000190616961028926
0.000193850584505161
0.000197094771467289
0.000200275609223549
0.000203588682070984
0.000206880342191736
0.000210076949356022
0.000213397443258735
0.000216706228685113
0.000219938388269544
0.000223304340002118
0.000226653898087206
0.000229917432714043
0.000233109350302293
0.000236421069706259
0.00023980425827069
0.000243164493802152
0.000247755966485052
0.000252851158221643
0.000258005368358697
0.000263089206553627
0.000268392389064557
0.000273659222325696
0.000278747009787148
0.000284069831092032
0.000289360508868461
0.000294500623377489
0.000299496276485635
0.000304749023814191
0.00031009032839875
0.000315365640408156
0.000320514046789831
0.000325845840647073
0.000331246807724974
0.000336575935922728
0.000342118649838177
0.000347613348168419
0.000352937442747064
0.000358113066771781
0.000363544690104083
0.000369063091637957
0.000374520418599885
0.000379846948521302
0.000385382394385994
0.00039095563416005
0.000396440040218829
0.000401804320845475
0.000409352333661473
0.000417577612662948
0.000426108562555308
0.000434799018836429
0.000443309635599277
0.000451558703432886
0.000459704459285912
0.0004684977242462
0.000477179540895708
0.000485633504927156
0.000493914549288758
0.000502448906356271
0.000511233829639728
0.000519979695123128
0.000528551267404134
0.000536992408799527
0.000545903420107166
0.000554898002822836
0.00056371106342494
0.000572258777519976
0.000580722109452101
0.000589701552996425
0.000598809856716988
0.0006077585150604
0.00061643753095971
0.00062500145590937
0.000634083624420061
0.000643297112634654
0.000652351061687139
0.000661141816998595
0.000672593434588642
0.000686750540452787
0.000700922731399422
0.000714727356712072
0.000728077162374599
0.000741251952310118
0.000754733561484564
0.000769394411976388
0.000783669229854872
0.000797384851803624
0.000810721553869013
0.000824090763334458
0.000837848985667242
0.000852099751016071
0.000866576827068751
0.000880790425326116
0.000894659843995751
0.000908340500785261
0.000922116351226276
0.000936170036038203
0.000951063958245137
0.000965929228006874
0.000980304156278184
0.00099418236303062
0.00100788076231699
0.00102178233454342
0.00103603182612164
0.00105042495492583
0.00106544059852632
0.00108036243983628
0.00110006089769716
0.00112155591473533
0.00114330278465609
0.00116507257462887
0.00118673177467416
0.00120837942770409
0.00123022259231254
0.00125382127131592
0.0012768029132411
0.00129895178541466
0.00132051729680335
0.00134196521405653
0.00136367984922668
0.00138575275351148
0.00140800671097735
0.00143024457211906
0.0014524693621813
0.00147602566146105
0.00149952434533396
0.00152259772828438
0.00154498479810303
0.00156692432593218
0.00158884648257568
0.00161105548097739
0.00163356951096316
0.00165620704470254
0.00167881352645544
0.00170140115654475
0.00172408316861724
0.0017468995895674
0.00177825263613654
0.00181254989730322
0.00184695183253682
0.0018817688456228
0.0019174494133945
0.00195424353159527
0.00199043977798094
0.00202561273483068
0.00205997535017892
0.00209403964501913
0.00212825331292635
0.0021627950585994
0.00219758940716144
0.00223247105972358
0.00226734401974315
0.00230222590171519
0.00233718567398288
0.0023722580991819
0.00240743158162233
0.00244266859209799
0.00247795418436084
0.00251330078282994
0.00254871965237492
0.00258420266251692
0.00261973713419379
0.00265532246157707
0.0026929504261647
0.00272831477979687
0.0027646802245506
0.00280151184313546
0.00284899098643874
0.00290234117526506
0.00295648485384118
0.00301097183947549
0.00306520137346007
0.00311908058407411
0.00317288429451878
0.00322686029149388
0.00328102373720879
0.00333525667890821
0.00338948826030137
0.00344374434937898
0.00349807514940947
0.00355248926641908
0.00360696211560873
0.0036614769799514
0.00371603842680676
0.00377065493450628
0.00382532412946229
0.00388003920244494
0.00393479668562077
0.00398959824110526
0.00404444349663149
0.0040993295316759
0.00415425392331513
0.00420921583123271
0.00426421454392698
0.00431924860723819
0.00437431647989444
0.00442941709086679
0.0045061336975622
0.00458932990743507
0.00467269435968465
0.00475629539858139
0.00483981118804818
0.00492311358722041
0.00500632447565135
0.00508958911624584
0.00517293934063327
0.0052563325935482
0.00533973754763013
0.00542316105959709
0.00550662336401104
0.00559013325810448
0.00567368679423642
0.00575727812169276
0.00584090586504226
0.00592457173040479
0.00600827686064064
0.00609202064302437
0.00617580167641444
0.00625961942528051
0.00634347189535465
0.00642735909755033
0.00651128059646586
0.00659523596832396
0.00667922453355247
0.00676324546584637
0.0068472979824007
0.00693138141030378
0.00705305313490188
0.00718188583242469
0.00731334995581805
0.00744343547556621
0.00757128574548344
0.00769790669359885
0.00782440240795341
0.00795130562525721
0.00807858648455993
0.00820602272250896
0.008333453560853
0.00846083925215581
0.00858786496092943
0.00870170387433943
0.0088310841175346
0.00894861974069402
0.00908176092356477
0.00920107311795722
0.00932192884761617
0.00944848377376643
0.00957589049439314
0.00970323262130479
0.00983041296574487
0.00995751980105084
0.0100808055961529
0.0102053498654283
0.0103257725752394
0.0104585728679244
0.0105824631613564
0.0107093327805398
0.0108879868248893
0.0110801966594174
0.0112748963293567
0.0114702602091866
0.0116642113128469
0.0118567522507001
0.0120487848749841
