4.43553158614289e-07
4.5094571125786e-07
4.58338263901432e-07
4.65730816545003e-07
4.73123369188575e-07
4.80515921832146e-07
4.87908474475718e-07
4.95301027119289e-07
5.02693579762861e-07
5.10086132406432e-07
5.17478685050004e-07
5.24871237693575e-07
5.32263790337147e-07
5.39656342980718e-07
5.47048895624289e-07
5.54441448267861e-07
5.61834000911432e-07
5.69226553555004e-07
5.76619106198575e-07
5.84011658842147e-07
5.91404211485718e-07
5.9879676412929e-07
6.06189316772861e-07
6.13581869416433e-07
6.20974422060004e-07
6.28366974703576e-07
6.35759527347147e-07
6.43152079990719e-07
6.5054463263429e-07
6.57937185277862e-07
6.65329737921433e-07
6.7641856688679e-07
6.87507395852148e-07
6.98596224817505e-07
7.09685053782862e-07
7.20773882748219e-07
7.31862711713577e-07
7.42951540678934e-07
7.54040369644291e-07
7.65129198609648e-07
7.76218027575005e-07
7.87306856540363e-07
7.9839568550572e-07
8.09484514471077e-07
8.20573343436434e-07
8.31662172401792e-07
8.42751001367149e-07
8.53839830332506e-07
8.64928659297863e-07
8.7601748826322e-07
8.87106317228578e-07
8.98195146193935e-07
9.09283975159292e-07
9.20372804124649e-07
9.31461633090007e-07
9.42550462055364e-07
9.53639291020721e-07
9.64728119986078e-07
9.75816948951435e-07
9.86905777916793e-07
9.9799460688215e-07
1.01462785033019e-06
1.03126109377822e-06
1.04789433722626e-06
1.06452758067429e-06
1.08116082412233e-06
1.09779406757036e-06
1.1144273110184e-06
1.13106055446644e-06
1.14769379791447e-06
1.16432704136251e-06
1.18096028481054e-06
1.19759352825858e-06
1.21422677170662e-06
1.23086001515465e-06
1.24749325860269e-06
1.26412650205072e-06
1.28075974549876e-06
1.29739298894679e-06
1.31402623239483e-06
1.33065947584287e-06
1.3472927192909e-06
1.36392596273894e-06
1.38055920618697e-06
1.39719244963501e-06
1.41382569308305e-06
1.43045893653108e-06
1.44709217997912e-06
1.46372542342715e-06
1.48035866687519e-06
1.49699191032322e-06
1.52194177549528e-06
1.54689164066733e-06
1.57184150583939e-06
1.59679137101144e-06
1.62174123618349e-06
1.64669110135555e-06
1.6716409665276e-06
1.69659083169965e-06
1.72154069687171e-06
1.74649056204376e-06
1.77144042721582e-06
1.79639029238787e-06
1.82134015755992e-06
1.84629002273198e-06
1.87123988790403e-06
1.89618975307608e-06
1.92113961824814e-06
1.94608948342019e-06
1.97103934859225e-06
1.9959892137643e-06
2.02093907893635e-06
2.04588894410841e-06
2.07083880928046e-06
2.09578867445251e-06
2.12073853962457e-06
2.14568840479662e-06
2.17063826996868e-06
2.19558813514073e-06
2.22053800031278e-06
2.24548786548484e-06
2.28291266324292e-06
2.320337461001e-06
2.35776225875908e-06
2.39518705651716e-06
2.43261185427524e-06
2.47003665203332e-06
2.5074614497914e-06
2.54488624754948e-06
2.58231104530756e-06
2.61973584306564e-06
2.65716064082372e-06
2.6945854385818e-06
2.73201023633988e-06
2.76943503409797e-06
2.80685983185605e-06
2.84428462961413e-06
2.88170942737221e-06
2.91913422513029e-06
2.95655902288837e-06
2.99398382064645e-06
3.03140861840453e-06
3.06883341616261e-06
3.10625821392069e-06
3.14368301167877e-06
3.18110780943685e-06
3.21853260719493e-06
3.25595740495301e-06
3.29338220271109e-06
3.33080700046917e-06
3.36823179822726e-06
3.42436899486438e-06
3.4805061915015e-06
3.53664338813862e-06
3.59278058477574e-06
3.64891778141286e-06
3.70505497804998e-06
3.7611921746871e-06
3.81732937132422e-06
3.87346656796134e-06
3.92960376459846e-06
3.98574096123559e-06
4.04187815787271e-06
4.09801535450983e-06
4.15415255114695e-06
4.21028974778407e-06
4.26642694442119e-06
4.32256414105831e-06
4.37870133769543e-06
4.43483853433255e-06
4.49097573096967e-06
4.54711292760679e-06
4.60325012424392e-06
4.65938732088104e-06
4.71552451751816e-06
4.77166171415528e-06
4.8277989107924e-06
4.88393610742952e-06
4.94007330406664e-06
4.99621050070376e-06
5.05234769734088e-06
5.13655349229656e-06
5.22075928725225e-06
5.30496508220793e-06
5.38917087716361e-06
5.47337667211929e-06
5.55758246707497e-06
5.64178826203065e-06
5.72599405698633e-06
5.81019985194202e-06
5.8944056468977e-06
5.97861144185338e-06
6.06281723680906e-06
6.14702303176474e-06
6.23122882672042e-06
6.3154346216761e-06
6.39964041663179e-06
6.48384621158747e-06
6.56805200654315e-06
6.65225780149883e-06
6.73646359645451e-06
6.82066939141019e-06
6.90487518636587e-06
6.98908098132155e-06
7.07328677627724e-06
7.15749257123292e-06
7.2416983661886e-06
7.32590416114428e-06
7.41010995609996e-06
7.49431575105564e-06
7.57852154601133e-06
7.70483023844485e-06
7.83113893087837e-06
7.95744762331189e-06
8.08375631574541e-06
8.21006500817894e-06
8.33637370061246e-06
8.46268239304598e-06
8.5889910854795e-06
8.71529977791302e-06
8.84160847034655e-06
8.96791716278007e-06
9.09422585521359e-06
9.22053454764711e-06
9.34684324008063e-06
9.47315193251416e-06
9.59946062494768e-06
9.7257693173812e-06
9.85207800981472e-06
9.97838670224825e-06
1.01046953946818e-05
1.02310040871153e-05
1.03573127795488e-05
1.04836214719823e-05
1.06099301644159e-05
1.07362388568494e-05
1.08625475492829e-05
1.09888562417164e-05
1.11151649341499e-05
1.12414736265835e-05
1.1367782319017e-05
1.15572453576673e-05
1.17467083963176e-05
1.19361714349678e-05
1.21256344736181e-05
1.23150975122684e-05
1.25045605509187e-05
1.2694023589569e-05
1.28834866282193e-05
1.30729496668695e-05
1.32624127055198e-05
1.34518757441701e-05
1.36413387828204e-05
1.38308018214707e-05
1.4020264860121e-05
1.42097278987712e-05
1.43991909374215e-05
1.45886539760718e-05
1.47781170147221e-05
1.49675800533724e-05
1.51570430920227e-05
1.53465061306729e-05
1.55359691693232e-05
1.57254322079735e-05
1.59148952466238e-05
1.61043582852741e-05
1.62938213239243e-05
1.64832843625746e-05
1.66727474012249e-05
1.68622104398752e-05
1.70516734785255e-05
1.73358680365009e-05
1.76200625944763e-05
1.79042571524518e-05
1.81884517104272e-05
1.84726462684026e-05
1.8756840826378e-05
1.90410353843535e-05
1.93252299423289e-05
1.96094245003043e-05
1.98936190582797e-05
2.01778136162552e-05
2.04620081742306e-05
2.0746202732206e-05
2.10303972901814e-05
2.13145918481569e-05
2.15987864061323e-05
2.18829809641077e-05
2.21671755220831e-05
2.24513700800586e-05
2.2735564638034e-05
2.30197591960094e-05
2.33039537539848e-05
2.35881483119603e-05
2.38723428699357e-05
2.41565374279111e-05
2.44407319858865e-05
2.4724926543862e-05
2.50091211018374e-05
2.52933156598128e-05
2.55775102177882e-05
2.60038020547514e-05
2.64300938917145e-05
2.68563857286776e-05
2.72826775656408e-05
2.77089694026039e-05
2.81352612395671e-05
2.85615530765302e-05
2.89878449134933e-05
2.94141367504565e-05
2.98404285874196e-05
3.02667204243827e-05
3.06930122613459e-05
3.1119304098309e-05
3.15455959352721e-05
3.19718877722353e-05
3.23981796091984e-05
3.28244714461616e-05
3.32507632831247e-05
3.36770551200878e-05
3.4103346957051e-05
3.45296387940141e-05
3.49559306309772e-05
3.53822224679404e-05
3.58085143049035e-05
3.62348061418667e-05
3.66610979788298e-05
3.70873898157929e-05
3.75136816527561e-05
3.79399734897192e-05
3.83662653266823e-05
3.9005703082127e-05
3.96451408375718e-05
4.02845785930165e-05
4.09240163484612e-05
4.15634541039059e-05
4.22028918593506e-05
4.28423296147953e-05
4.348176737024e-05
4.41212051256847e-05
4.47606428811294e-05
4.54000806365741e-05
4.60395183920188e-05
4.66789561474635e-05
4.73183939029082e-05
4.79578316583529e-05
4.85972694137976e-05
4.92367071692423e-05
4.9876144924687e-05
5.05155826801317e-05
5.11550204355765e-05
5.17944581910212e-05
5.24338959464659e-05
5.30733337019106e-05
5.37127714573553e-05
5.43522092128e-05
5.49916469682447e-05
5.56310847236894e-05
5.62705224791341e-05
5.69099602345788e-05
5.75493979900235e-05
5.85085546231906e-05
5.94677112563576e-05
6.04268678895247e-05
6.13860245226917e-05
6.23451811558588e-05
6.33043377890259e-05
6.42634944221929e-05
6.522265105536e-05
6.6181807688527e-05
6.71409643216941e-05
6.81001209548611e-05
6.90592775880282e-05
7.00184342211953e-05
7.09775908543623e-05
7.19367474875294e-05
7.28959041206964e-05
7.38550607538635e-05
7.48142173870306e-05
7.57733740201976e-05
7.67325306533647e-05
7.76916872865317e-05
7.86508439196988e-05
7.96100005528659e-05
8.05691571860329e-05
8.15283138192e-05
8.2487470452367e-05
8.34466270855341e-05
8.44057837187011e-05
8.53649403518682e-05
8.63240969850353e-05
8.77628319347858e-05
8.92015668845364e-05
9.0640301834287e-05
9.20790367840376e-05
9.35177717337882e-05
9.49565066835388e-05
9.63952416332894e-05
9.783397658304e-05
9.92727115327905e-05
0.000100711446482541
0.000102150181432292
0.000103588916382042
0.000105027651331793
0.000106466386281543
0.000107905121231294
0.000109343856181045
0.000110782591130795
0.000112221326080546
0.000113660061030296
0.000115098795980047
0.000116537530929798
0.000117976265879548
0.000119415000829299
0.000120853735779049
0.0001222924707288
0.000123731205678551
0.000125169940628301
0.000126608675578052
0.000128047410527802
0.000129486145477553
0.000131644247902179
0.000133802350326805
0.000135960452751431
0.000138118555176056
0.000140276657600682
0.000142434760025308
0.000144592862449934
0.00014675096487456
0.000148909067299186
0.000151067169723812
0.000153225272148438
0.000155383374573063
0.000157541476997689
0.000159699579422315
0.000161857681846941
0.000164015784271567
0.000166173886696193
0.000168331989120819
0.000170490091545445
0.000172648193970071
0.000174806296394696
0.000176964398819322
0.000179122501243948
0.000181280603668574
0.0001834387060932
0.000185596808517826
0.000187754910942452
0.000189913013367078
0.000192071115791703
0.000194229218216329
0.000197466371853268
0.000200703525490207
0.000203940679127146
0.000207177832764085
0.000210414986401023
0.000213652140037962
0.000216889293674901
0.00022012644731184
0.000223363600948779
0.000226600754585718
0.000229837908222656
0.000233075061859595
0.000236312215496534
0.000239549369133473
0.000242786522770412
0.00024602367640735
0.000249260830044289
0.000252497983681228
0.000255735137318167
0.000258972290955106
0.000262209444592045
0.000265446598228983
0.000268683751865922
0.000271920905502861
0.0002751580591398
0.000278395212776739
0.000281632366413678
0.000284869520050616
0.000288106673687555
0.000291343827324494
0.000296199557779902
0.00030105528823531
0.000305911018690719
0.000310766749146127
0.000315622479601535
0.000320478210056943
0.000325333940512352
0.00033018967096776
0.000335045401423168
0.000339901131878576
0.000344756862333985
0.000349612592789393
0.000354468323244801
0.000359324053700209
0.000364179784155618
0.000369035514611026
0.000373891245066434
0.000378746975521842
0.00038360270597725
0.000388458436432659
0.000393314166888067
0.000398169897343475
0.000403025627798883
0.000407881358254292
0.0004127370887097
0.000417592819165108
0.000422448549620516
0.000427304280075925
0.000432160010531333
0.000437015740986741
0.000444299336669853
0.000451582932352966
0.000458866528036078
0.00046615012371919
0.000473433719402303
0.000480717315085415
0.000488000910768527
0.00049528450645164
0.000502568102134752
0.000509851697817865
0.000517135293500977
0.000524418889184089
0.000531702484867202
0.000538986080550314
0.000546269676233426
0.000553553271916539
0.000560836867599651
0.000568120463282763
0.000575404058965876
0.000582687654648988
0.0005899712503321
0.000597254846015213
0.000604538441698325
0.000611822037381437
0.00061910563306455
0.000626389228747662
0.000633672824430774
0.000640956420113887
0.000648240015796999
0.000655523611480112
0.00066644900500478
0.000677374398529449
0.000688299792054117
0.000699225185578786
0.000710150579103454
0.000721075972628123
0.000732001366152791
0.00074292675967746
0.000753852153202128
0.000764777546726797
0.000775702940251465
0.000786628333776134
0.000797553727300802
0.000808479120825471
0.000819404514350139
0.000830329907874808
0.000841255301399477
0.000852180694924145
0.000863106088448814
0.000874031481973482
0.000884956875498151
0.000895882269022819
0.000906807662547488
0.000917733056072156
0.000928658449596825
0.000939583843121493
0.000950509236646162
0.00096143463017083
0.000972360023695499
0.000983285417220167
0.00099967350750717
0.00101606159779417
0.00103244968808118
0.00104883777836818
0.00106522586865518
0.00108161395894218
0.00109800204922919
0.00111439013951619
0.00113077822980319
0.0011471663200902
0.0011635544103772
0.0011799425006642
0.0011963305909512
0.00121271868123821
0.00122910677152521
0.00124549486181221
0.00126188295209921
0.00127827104238622
0.00129465913267322
0.00131104722296022
0.00132743531324723
0.00134382340353423
0.00136021149382123
0.00137659958410823
0.00139298767439524
0.00140937576468224
0.00142576385496924
0.00144215194525625
0.00145854003554325
0.00147492812583025
0.00149951026126076
0.00152409239669126
0.00154867453212176
0.00157325666755227
0.00159783880298277
0.00162242093841328
0.00164700307384378
0.00167158520927428
0.00169616734470479
0.00172074948013529
0.0017453316155658
0.0017699137509963
0.00179449588642681
0.00181907802185731
0.00184366015728781
0.00186824229271832
0.00189282442814882
0.00191740656357933
0.00194198869900983
0.00196657083444033
0.00199115296987084
0.00201573510530134
0.00204031724073185
0.00206489937616235
0.00208948151159286
0.00211406364702336
0.00213864578245386
0.00216322791788437
0.00218781005331487
0.00221239218874538
0.00224926539189113
0.00228613859503689
0.00232301179818265
0.0023598850013284
0.00239675820447416
0.00243363140761991
0.00247050461076567
0.00250737781391143
0.00254425101705718
0.00258112422020294
0.0026179974233487
0.00265487062649445
0.00269174382964021
0.00272861703278596
0.00276549023593172
0.00280236343907748
0.00283923664222323
0.00287610984536899
0.00291298304851475
0.0029498562516605
0.00298672945480626
0.00302360265795201
0.00306047586109777
0.00309734906424353
0.00313422226738928
0.00317109547053504
0.0032079686736808
0.00324484187682655
0.00328171507997231
0.00331858828311806
0.0033738980878367
0.00342920789255533
0.00348451769727397
0.0035398275019926
0.00359513730671124
0.00365044711142987
0.00370575691614851
0.00376106672086714
0.00381637652558577
0.00387168633030441
0.00392699613502304
0.00398230593974168
0.00403761574446031
0.00409292554917895
0.00414823535389758
0.00420354515861622
0.00425885496333485
0.00431416476805348
0.00436947457277212
0.00442478437749075
0.00448009418220939
0.00453540398692802
0.00459071379164666
0.00464602359636529
0.00470133340108393
0.00475664320580256
0.00481195301052119
0.00486726281523983
0.00492257261995846
0.0049778824246771
0.00506084713175505
0.005143811838833
0.00522677654591095
0.0053097412529889
0.00539270596006686
0.00547567066714481
0.00555863537422276
0.00564160008130071
0.00572456478837866
0.00580752949545661
0.00589049420253457
0.00597345890961252
0.00605642361669047
0.00613938832376842
0.00622235303084637
0.00630531773792432
0.00638828244500227
0.00647124715208023
0.00655421185915818
0.00663717656623613
0.00672014127331408
0.00680310598039203
0.00688607068746998
0.00696903539454794
0.00705200010162589
0.00713496480870384
0.00721792951578179
0.00730089422285974
0.00738385892993769
0.00746682363701565
0.00759127069763257
0.0077157177582495
0.00784016481886643
0.00796461187948336
0.00808905894010028
0.00821350600071721
0.00833795306133414
0.00846240012195107
0.00858684718256799
0.00871129424318492
0.00883574130380185
0.00896018836441878
0.0090846354250357
0.00920908248565263
0.00933352954626956
0.00945797660688649
0.00958242366750341
0.00970687072812034
0.00983131778873727
0.0099557648493542
0.0100802119099711
0.010204658970588
0.010329106031205
0.0104535530918219
0.0105780001524388
0.0107024472130558
0.0108268942736727
0.0109513413342896
0.0110757883949065
0.0112002354555235
0.0113869060464489
0.0115735766373743
0.0117602472282996
0.011946917819225
0.0121335884101504
0.0123202590010758
0.0125069295920012
