1e-16
1.05265678891265e-16
1.10222452595407e-16
1.15208910508645e-16
1.20554696809454e-16
1.25580205558272e-16
1.29703258294324e-16
1.33892012271504e-16
1.38228308744674e-16
1.43175240655275e-16
1.48751871904826e-16
1.54997218280943e-16
1.61950321365293e-16
1.67006819547756e-16
1.72180381489002e-16
1.77484453062603e-16
1.83415134713491e-16
1.90055211926362e-16
1.97453612627567e-16
2.05638197873471e-16
2.11616981086729e-16
2.1775024639784e-16
2.24060822441267e-16
2.31114598047958e-16
2.38973284871565e-16
2.47668415368458e-16
2.56552421919356e-16
2.63762083551828e-16
2.71092777794923e-16
2.78596149890702e-16
2.86516517786545e-16
3.01485331816209e-16
3.1325197993779e-16
3.25319326712776e-16
3.37859695341177e-16
3.52208449268256e-16
3.69013780789949e-16
3.87483283007746e-16
4.04162374111604e-16
4.18743877655696e-16
4.33663591965469e-16
4.49224033705846e-16
4.66962880633882e-16
4.8689858351195e-16
5.07962609926453e-16
5.24779209610161e-16
5.41882944259757e-16
5.59433492150304e-16
5.79034837984654e-16
6.0093483181679e-16
6.25260583974857e-16
6.44466890204744e-16
6.63807862750058e-16
6.83575878656526e-16
7.05630661565465e-16
7.30184274829442e-16
7.57312940123851e-16
7.79261949999739e-16
8.01262374714544e-16
8.23699677252797e-16
8.48640922353187e-16
8.83119839139694e-16
9.29135682241625e-16
9.81484109682106e-16
1.0189565544673e-15
1.05751102579187e-15
1.09752972637317e-15
1.14318258723639e-15
1.19654688065755e-15
1.25513170365573e-15
1.29819194168645e-15
1.34286789888818e-15
1.38950538838997e-15
1.44271224103321e-15
1.50263857220253e-15
1.55978395210858e-15
1.60781097524113e-15
1.65774041626507e-15
1.71419492598043e-15
1.77766699495774e-15
1.84836136013842e-15
1.90786828571435e-15
1.96709667949224e-15
2.02742914835721e-15
2.09478798913006e-15
2.16960790886325e-15
2.25193070317838e-15
2.31917547296247e-15
2.38682517618977e-15
2.45611566488592e-15
2.53328700495258e-15
2.61869120016577e-15
2.73592541308438e-15
2.87381339243185e-15
3.02605025558197e-15
3.14601040142709e-15
3.2677160524338e-15
3.3934425475673e-15
3.53670062669177e-15
3.70341492998737e-15
3.87599087139199e-15
4.01722759145479e-15
4.16198638546433e-15
4.31233581362378e-15
4.48272233491634e-15
4.67397848675368e-15
4.83095801488829e-15
4.99036747043593e-15
5.15542634751218e-15
5.3426008920222e-15
5.55198387917201e-15
5.7294767112919e-15
5.90828165508079e-15
6.09253319554985e-15
6.30014721301077e-15
6.53088139751616e-15
6.73067447794588e-15
6.93078069067433e-15
7.13608967917689e-15
7.36577855922804e-15
7.61945198860283e-15
7.90944184958237e-15
8.23706606171167e-15
8.6076447562135e-15
9.03805455687009e-15
9.51034209725107e-15
9.87722158274021e-15
1.02560992227452e-14
1.06681955678101e-14
1.11281107922378e-14
1.16435627804383e-14
1.20676586696471e-14
1.25003711986882e-14
1.29511363129285e-14
1.34664785224255e-14
1.4045853750903e-14
1.45229398892588e-14
1.50119101123118e-14
1.55223392682791e-14
1.61039018027681e-14
1.66490029813692e-14
1.71843677413608e-14
1.77289274043258e-14
1.83407311892747e-14
1.90207912907513e-14
1.96444668981987e-14
2.02560155721368e-14
2.08756697806081e-14
2.1563261735971e-14
2.23228205816978e-14
2.29776196061202e-14
2.40881067800439e-14
2.50752162987968e-14
2.61115404666747e-14
2.72862978798484e-14
2.86574663625459e-14
2.97961879424482e-14
3.09500256996225e-14
3.21985155442182e-14
3.35933859624417e-14
3.51180079147774e-14
3.6413758965747e-14
3.77515357013002e-14
3.92134446094571e-14
4.08383507898312e-14
4.22465425225788e-14
4.36813316295022e-14
4.51823372945346e-14
4.69059314218263e-14
4.85424027887224e-14
5.01576149736062e-14
5.1807715738587e-14
5.36610307183998e-14
5.57170445273255e-14
5.74850389528634e-14
5.92890670903217e-14
6.11683402226427e-14
6.32903113136551e-14
6.52666811606506e-14
6.72314358522466e-14
6.92466077160148e-14
7.2660731274803e-14
7.5738724963824e-14
7.89532795006359e-14
8.25582441531744e-14
8.67396650322966e-14
9.01854295900089e-14
9.37257211509952e-14
9.76209146237403e-14
1.01987709445825e-13
1.05784506256197e-13
1.09682584880112e-13
1.13977167598394e-13
1.18769331706426e-13
1.22995317175624e-13
1.27315284238886e-13
1.32044855885666e-13
1.37290924970862e-13
1.42136776395303e-13
1.46969229725513e-13
1.51959204670668e-13
1.57616180350791e-13
1.62918556844318e-13
1.68222096262583e-13
1.73701158958065e-13
1.79881717719171e-13
1.85666763140208e-13
1.91457574488652e-13
1.97434897948891e-13
2.04148177239055e-13
2.10412965031264e-13
2.19127582053874e-13
2.2807501243087e-13
2.38165441534752e-13
2.50056124558024e-13
2.60501438117268e-13
2.71128947538044e-13
2.82792188841578e-13
2.95845954511394e-13
3.07395048896699e-13
3.19251332502554e-13
3.3231405457425e-13
3.46877494749462e-13
3.59529029840297e-13
3.72624213716867e-13
3.87136653334205e-13
4.00980918485357e-13
4.14818414236494e-13
4.2979976715627e-13
4.46380168888752e-13
4.61910951178891e-13
4.77497621677724e-13
4.93675806469228e-13
5.1201650830456e-13
5.29015825015576e-13
5.46214128601365e-13
5.64107222600542e-13
5.82426874466691e-13
6.00417793315376e-13
6.18864466130685e-13
6.39632097331132e-13
6.64804073944643e-13
6.94370395009764e-13
7.29331829482822e-13
7.60272819585356e-13
7.91922674133559e-13
8.26974609302772e-13
8.64234603549697e-13
8.99645315622893e-13
9.35900094700086e-13
9.76466850733468e-13
1.01465591707702e-12
1.05320493237574e-12
1.09524553707288e-12
1.13586870631711e-12
1.17662934416192e-12
1.22107166269222e-12
1.27030706060644e-12
1.31604691790815e-12
1.36235050595983e-12
1.41073276952878e-12
1.45827493610736e-12
1.50664390960642e-12
1.55959284750863e-12
1.61091145919081e-12
1.66248692070812e-12
1.71621867863845e-12
1.77560647914051e-12
1.83446614105238e-12
1.89314579420826e-12
1.95397710184843e-12
2.03539430185281e-12
2.1369334086028e-12
2.2281520665454e-12
2.3231058809615e-12
2.43094562156906e-12
2.53338703064246e-12
2.63756114324354e-12
2.75278173422073e-12
2.86302230444952e-12
2.97483765195248e-12
3.09842790021671e-12
3.21791284585073e-12
3.33882598713333e-12
3.47172380100027e-12
3.60083931192079e-12
3.73123145328815e-12
3.87378998112352e-12
4.0126828468516e-12
4.15280479266306e-12
4.30543072790319e-12
4.45430390470635e-12
4.6044527990612e-12
4.7614397097734e-12
4.92465367459131e-12
5.087611696482e-12
5.25624219010945e-12
5.43018066108852e-12
5.6033039854518e-12
5.78228759130858e-12
5.96660073184074e-12
6.21061794872113e-12
6.48364851565003e-12
6.80526839245878e-12
7.11073139993809e-12
7.41947765883565e-12
7.7596631373147e-12
8.08600043664922e-12
8.41871030893394e-12
8.78847962423437e-12
9.14074706857818e-12
9.50148947217905e-12
9.88952139503535e-12
1.0275935648919e-11
1.06690004903659e-11
1.10731051575228e-11
1.14745150644729e-11
1.19119564965465e-11
1.2340579347048e-11
1.27765229180873e-11
1.32559467752446e-11
1.37169519045534e-11
1.41871476896766e-11
1.4671099104161e-11
1.51497006315835e-11
1.56471268589381e-11
1.61665138432067e-11
1.66933458403255e-11
1.72436182202252e-11
1.78084528607953e-11
1.83745936381089e-11
1.9180425363111e-11
2.00226744329748e-11
2.09244021806276e-11
2.19349418753599e-11
2.28984712122877e-11
2.38921022060205e-11
2.4877336314746e-11
2.58830887118296e-11
2.70142951278651e-11
2.81099425074298e-11
2.92361668688801e-11
3.0396898654452e-11
3.15527384390326e-11
3.28215706910894e-11
3.40582540540923e-11
3.53279046326877e-11
3.6638466583882e-11
3.79485084090065e-11
3.93809637317581e-11
4.07754378115867e-11
4.22053016077646e-11
4.36755529116467e-11
4.51463110644934e-11
4.67500487515465e-11
4.83665033519596e-11
4.99842014005067e-11
5.1615648092584e-11
5.32391969205772e-11
5.498420737061e-11
5.66774834369092e-11
5.91758041701132e-11
6.18265614380102e-11
6.45756450337061e-11
6.77178463595582e-11
7.07378788358795e-11
7.38647996142342e-11
7.69372205184649e-11
8.01082154670467e-11
8.33991745665939e-11
8.67381788965028e-11
9.04701771532483e-11
9.40700169246358e-11
9.77990194390166e-11
1.01599817594445e-10
1.05447339799223e-10
1.09369304970316e-10
1.13334320909241e-10
1.17428795695947e-10
1.21593040933206e-10
1.26216608253784e-10
1.30691919149638e-10
1.35308549045109e-10
1.39999136382607e-10
1.44744049742967e-10
1.49561493599293e-10
1.54439620096641e-10
1.59445500003042e-10
1.64541280925217e-10
1.69804616623208e-10
1.75143030104586e-10
1.83071949361426e-10
1.91381735135181e-10
2.0033892586695e-10
2.09210405427497e-10
2.18376710412694e-10
2.27899152764365e-10
2.37632134530831e-10
2.47708629434857e-10
2.57949498650941e-10
2.68559592078898e-10
2.79339005654895e-10
2.90528237008821e-10
3.01886493935459e-10
3.13675368567201e-10
3.25614845876175e-10
3.38539127426501e-10
3.51479827761038e-10
3.64557685210275e-10
3.77402502663762e-10
3.91550489507863e-10
4.05847646401249e-10
4.19728780664503e-10
4.33717145275903e-10
4.48825903115477e-10
4.63600819539399e-10
4.79479778659119e-10
4.95074986244787e-10
5.1175404057265e-10
5.280876868682e-10
5.44776775329281e-10
5.68138668803088e-10
5.94733309849268e-10
6.22369515616162e-10
6.50814696668952e-10
6.80130386659667e-10
7.10144754197806e-10
7.40891992777514e-10
7.72486163199442e-10
8.04824792532392e-10
8.38223715185492e-10
8.72334220396209e-10
9.05739599525355e-10
9.39896046594512e-10
9.75794713916837e-10
1.01320942310748e-09
1.05215317925349e-09
1.0918231734472e-09
1.13238004223279e-09
1.1736892576755e-09
1.215897972803e-09
1.25931148160236e-09
1.30363719434716e-09
1.34854412623221e-09
1.39310679753453e-09
1.43906281919869e-09
1.48687419618969e-09
1.53653796388034e-09
1.58749837907274e-09
1.63937650564769e-09
1.69156081808761e-09
1.76567857737069e-09
1.84317713547008e-09
1.93220468960059e-09
2.02181850587944e-09
2.10990136942626e-09
2.20089809371361e-09
2.29563748175646e-09
2.39467730055985e-09
2.49657435872216e-09
2.59619594515013e-09
2.6986639736131e-09
2.80551973047163e-09
2.91740854051472e-09
3.03288230238713e-09
3.15006960020448e-09
3.26659650573471e-09
3.38627061705235e-09
3.51134227113209e-09
3.64084974597621e-09
3.7728154065631e-09
3.90471810381989e-09
4.03974910176984e-09
4.18024262560056e-09
4.32490543491275e-09
4.47179101575955e-09
4.61926208972046e-09
4.76979671125825e-09
4.92374029779186e-09
5.0800513014703e-09
5.24130871889349e-09
5.4737873797057e-09
5.71696517354341e-09
5.97463759270863e-09
6.25329067299929e-09
6.53841087304526e-09
6.81555144386164e-09
7.10110653373079e-09
7.40093848434114e-09
7.72722652021609e-09
8.05683480508087e-09
8.37168004325007e-09
8.70985947376537e-09
9.05290586688314e-09
9.40085314822788e-09
9.75608328542775e-09
1.0122323284764e-08
1.04983903813319e-08
1.08837442405491e-08
1.12796958652979e-08
1.16833970168643e-08
1.20946284866548e-08
1.25162630615484e-08
1.29464975780984e-08
1.33863937136517e-08
1.38372432058288e-08
1.42963333060576e-08
1.4759265249452e-08
1.52262164525271e-08
1.57103199329733e-08
1.62107241750187e-08
1.69056845529499e-08
1.76759066711414e-08
1.84792922245696e-08
1.93126387924983e-08
2.01705973301514e-08
2.10581087866332e-08
2.1965685855896e-08
2.28957833797017e-08
2.38516827465612e-08
2.48279184699928e-08
2.58150108496948e-08
2.68207438741273e-08
2.78656801664547e-08
2.89454537563283e-08
3.00447124451983e-08
3.11567247558597e-08
3.23082500625696e-08
3.34942908907605e-08
3.47123031842188e-08
3.59619113784259e-08
3.72305041289952e-08
3.85051678385102e-08
3.9801394834441e-08
4.11418464576986e-08
4.25208201129426e-08
4.39197365196532e-08
4.53405451112325e-08
4.6801996002354e-08
4.82961596252617e-08
4.98063553930889e-08
5.19347853589972e-08
5.42996322410564e-08
5.68371512360322e-08
5.94121372078775e-08
6.20412860141394e-08
6.47076884653986e-08
6.74034342903078e-08
7.02705769957692e-08
7.3190524348262e-08
7.61567531449815e-08
7.91546850844443e-08
8.22998790061889e-08
8.54902331656721e-08
8.87633440418347e-08
9.20999325394685e-08
9.54776619545318e-08
9.89508393378686e-08
1.0254768171347e-07
1.0623132580912e-07
1.09949177578061e-07
1.13687865025598e-07
1.17539231051712e-07
1.2153612375091e-07
1.25634171361416e-07
1.29768925620245e-07
1.33919145824187e-07
1.38189354337876e-07
1.42612945310836e-07
1.47137350954161e-07
1.5169652278388e-07
1.5778380618597e-07
1.65076702722158e-07
1.72592831666916e-07
1.80282234223243e-07
1.88054733653976e-07
1.95897909427214e-07
2.03906245722883e-07
2.12623998983329e-07
2.21478454467938e-07
2.30382619352996e-07
2.39305251694555e-07
2.483214949575e-07
2.57580969913918e-07
2.67558923175302e-07
2.77666881166924e-07
2.87926543394568e-07
2.98283889377863e-07
3.08727753167522e-07
3.19330428936945e-07
3.30210565832342e-07
3.41608611083867e-07
3.53408203936756e-07
3.65359949685156e-07
3.7730867898824e-07
3.89274201406327e-07
4.0141022156004e-07
4.13892908314512e-07
4.26782410151039e-07
4.40136128236564e-07
4.53849596415367e-07
4.72720181986669e-07
4.93468865330041e-07
5.14905175949885e-07
5.37024682818802e-07
5.59714138889064e-07
5.82915189201482e-07
6.06693898254994e-07
6.323658317764e-07
6.58347713130935e-07
6.84441009575267e-07
7.10606245856491e-07
7.3703177146668e-07
7.64016328915824e-07
7.91796685953246e-07
8.20419759176582e-07
8.49763381659723e-07
8.79702958438749e-07
9.10820191631736e-07
9.42662898836365e-07
9.75269990570883e-07
1.00811630069083e-06
1.04107244264778e-06
1.07435438788907e-06
1.10829854545941e-06
1.14313023813996e-06
1.17884809218309e-06
1.21530084065146e-06
1.25237227652018e-06
1.29008773012717e-06
1.32855086473175e-06
1.38260712028303e-06
1.44343630021721e-06
1.5051926977405e-06
1.56863471282381e-06
1.63616338181751e-06
1.70525500086752e-06
1.77567548018507e-06
1.84683146804809e-06
1.91850151563401e-06
1.99099677730364e-06
2.06487098902824e-06
2.14058086769232e-06
2.21829222725824e-06
2.29790815443984e-06
2.37925164852969e-06
2.46223524488359e-06
2.5469005870673e-06
2.63333929702693e-06
2.72160877102525e-06
2.81169467085705e-06
2.90355941737216e-06
2.99719782402466e-06
3.09263912480175e-06
3.18990770957833e-06
3.28900187833581e-06
3.38991515995673e-06
3.49470551264619e-06
3.59761768945471e-06
3.70367727430359e-06
3.81328434168089e-06
3.96271043382845e-06
4.1310198878964e-06
4.30364734684243e-06
4.48165153100123e-06
4.6642635177439e-06
4.85063205969673e-06
5.04070011260928e-06
5.23496774794441e-06
5.43384381807272e-06
5.63733917810212e-06
5.84526112691304e-06
6.05752033397717e-06
6.2741990556062e-06
6.49541253807243e-06
6.72119343928094e-06
6.95151573890719e-06
7.18637374635588e-06
7.42580343577629e-06
7.66985121890744e-06
7.91853121198421e-06
8.17184994665847e-06
8.42982519736729e-06
8.69248344893815e-06
8.95984647637525e-06
9.23193031606229e-06
9.5087522961014e-06
9.7903330981836e-06
1.0076693151831e-05
1.0367850783971e-05
1.06638239574487e-05
1.10820352902395e-05
1.15450698480036e-05
1.20174896140167e-05
1.25017512651914e-05
1.29978581088455e-05
1.35049685038231e-05
1.40228352563376e-05
1.45518526423472e-05
1.50924295493774e-05
1.56446539697691e-05
1.62084312442937e-05
1.67837224255754e-05
1.73706036282364e-05
1.79691841134854e-05
1.8579535306165e-05
1.92016915380867e-05
1.98356869062978e-05
2.04815714457053e-05
2.11394041360523e-05
2.1809241239464e-05
2.24911330834586e-05
2.31851456463826e-05
2.38913202085052e-05
2.4609700103421e-05
2.53403325592388e-05
2.60832679432312e-05
2.6838556521767e-05
2.76062472785431e-05
2.83863883585272e-05
2.91790277596786e-05
3.03383834616781e-05
3.15551476465262e-05
3.28308425303915e-05
3.41436923249145e-05
3.54786860642875e-05
3.68342014524678e-05
3.82149562560677e-05
3.96257182817046e-05
4.10682992192782e-05
4.25422985719493e-05
4.40467328164511e-05
4.55810460540957e-05
4.71333497403459e-05
4.86176868182061e-05
5.02646444075045e-05
5.18282182250727e-05
5.35576437283054e-05
5.51863160946298e-05
5.68829517038985e-05
5.86753893736527e-05
6.05067163765896e-05
6.23676886653988e-05
6.42572210913513e-05
6.61760950802833e-05
6.80560051422431e-05
6.9972630024795e-05
7.18933454442919e-05
7.39854492021166e-05
7.59486274401523e-05
7.79863876955788e-05
8.09547023285166e-05
8.41670549677982e-05
8.7446511701374e-05
9.08215397320178e-05
9.42778494436163e-05
9.78032992045871e-05
0.000101398961267101
