0.120795097049745
0.121459842723064
0.12191068306758
0.122382442940861
0.123058488419788
0.123268095270316
0.122918028371494
0.122565406105116
0.122323644936667
0.122382176494726
0.122746982325493
0.123418588032108
0.124391866292851
0.124278586596646
0.124117417331914
0.124020050625674
0.124163385268933
0.124572837698255
0.125250091186742
0.126185291314071
0.126132259963123
0.126046812169308
0.12602656790008
0.126231615979969
0.126675020727773
0.127351641907858
0.127997911257852
0.1280451039753
0.128049919241069
0.128105361271287
0.128286097393744
0.129443259631934
0.129464899797408
0.12944017035885
0.129526659729002
0.129975581687962
0.130880358486388
0.13208285433218
0.132613674037818
0.132655752424165
0.132697332703659
0.132859068965564
0.133354698331033
0.134175291347426
0.135057237209161
0.13511774696971
0.135119009707132
0.135187432589651
0.135517829790724
0.13613298930365
0.137030193603985
0.137060586586652
0.137036311102228
0.137078085602158
0.137365521240109
0.137910982910398
0.138705067073936
0.138758193453577
0.138761623823306
0.138827221937926
0.13911878119901
0.139321151090061
0.140436780982725
0.142036781079412
0.142058547406298
0.142030947753557
0.14211697022822
0.14258198602625
0.143528592563511
0.144791857176531
0.144768204855713
0.144733550655658
0.144819511905836
0.145257976279232
0.146047045686836
0.146547785446334
0.14643041430665
0.146391526231672
0.146649310900814
0.147220510677888
0.148093890654949
0.148209326164556
0.148259288557715
0.148383782105966
0.148779952712549
0.149447402350927
0.150367017458306
0.150501560188783
0.150591971178739
0.150756591932214
0.151173299549297
0.150797389940918
0.151305751422523
0.152383657861782
0.153835196590467
0.15398056413823
0.154061727776943
0.154265307114227
0.154878093494899
0.155991102166124
0.157111081673962
0.157303182221638
0.157457324957644
0.157728423589603
0.158371264525965
0.159386157534557
0.159481081339828
0.159547459583882
0.159732221051397
0.160269458890321
0.161144496098213
0.161262686900995
0.161348890503021
0.161541610023918
0.16205281993243
0.162862100747716
0.163016943519715
0.163135051503925
0.163346775009254
0.163844607963341
0.164606552451577
0.164519570284949
0.164749583075296
0.165395620074951
0.166585809159061
0.168137394506987
0.168289761974512
0.168436922458211
0.168848371388696
0.169646998820355
0.170869246578169
0.171029144389489
0.171168946091485
0.171460697937178
0.17218616170939
0.173320464078491
0.173483408395879
0.173645425658031
0.17395523558777
0.174666734141525
0.174856195351598
0.174969731509565
0.175186261114865
0.175750501153206
0.176641143936418
0.17694639463993
0.177157649879415
0.177446454724371
0.178037399880542
0.178924552825098
0.179141746481617
0.180201344557655
0.180411790004165
0.180726388004356
0.181502705624495
0.1829044946489
0.183112131782085
0.183289171376349
0.18375674293793
0.184657075267103
0.185804778073039
0.186081420632574
0.186376896799763
0.186967085779291
0.187947641297907
0.188104216780926
0.188274793024634
0.188629238225029
0.18944982665043
0.18975246219928
0.189983518794826
0.190332800336654
0.191063482776206
0.192145206254968
0.192434861554803
0.192731985246775
0.193174390234764
0.193995616985235
0.194304692782598
0.194566754912599
0.194941502826578
0.19622887796156
0.196600318924221
0.19705445345961
0.19797028234061
0.199540713037822
0.199810289127636
0.200101773395008
0.200768945264991
0.201927238055988
0.202150860362508
0.202416473196232
0.20304779544497
0.20412545552883
0.2043806648222
0.204669009813253
0.20528734128534
0.206307559111583
0.206670343644959
0.206987337175907
0.207463890835726
0.208399893324308
0.208779634940289
0.20912692890205
0.209624864685981
0.210545735212372
0.210934256986676
0.211294041038136
0.211794334689227
0.212688209377436
0.21307104587544
0.213383460783609
0.213634545566851
0.214405075685642
0.215947509022815
0.216397597780684
0.216858496743496
0.217730398953599
0.219129157014158
0.219555614633095
0.220026412547103
0.220901626455727
0.222264717419551
0.222647093774445
0.223104732505626
0.223972269326328
0.224299027504577
0.224617784812242
0.225268070579425
0.226341979508769
0.226809125647208
0.227257847847276
0.227890577654369
0.229015611558353
0.229514132179164
0.230010196257966
0.23068271452619
0.23111239744736
0.231479242165766
0.231998359090282
0.232958032898169
0.233070467975252
0.233868244341141
0.235498491951275
0.235995737890892
0.236540749196525
0.237584177657831
0.238556626622632
0.239156855293461
0.239876777950116
0.241141616890594
0.241688361422691
0.24223875126302
0.243196204855437
0.24364349877688
0.244105353668011
0.244961868173153
0.24629088701581
0.24690135284959
0.247517346132027
0.248358575370989
0.248821520543307
0.2493387189162
0.250231538628702
0.250705377533361
0.251195963108796
0.2518979056311
0.252742448731928
0.25342486901701
0.254103448396675
0.254966579961259
0.255397975402933
0.257050220081119
0.257624810249916
0.258363703593948
0.25979309523578
0.260446183319569
0.261143679384638
0.262383996786174
0.262967532886521
0.263605492487325
0.264765845665074
0.265366567127977
0.266012669137909
0.267134320643994
0.26775101876032
0.268403115725374
0.269489451535484
0.270112408930005
0.270766198188183
0.271823037741244
0.272446628576768
0.273099819825829
0.274000105303415
0.274726117749684
0.275422568406498
0.276314804142984
0.277010864121317
0.277677144370364
0.278537240956735
0.27921773869424
0.279379078311176
0.280225847980052
0.28206743992359
0.283030564880739
0.284007853792507
0.285571100482415
0.286404179712541
0.28731432616241
0.288839813162576
0.289639108258723
0.290537039549603
0.291493181388555
0.292314953169526
0.293273939152085
0.293979359401983
0.294684032278511
0.295872652542765
0.296628871194922
0.297463773100789
0.298785426051268
0.299557936590414
0.300407533986224
0.301043560951753
0.301674965229244
0.302581125267971
0.303408860213944
0.304275473248683
0.305373953228257
0.306238880034087
0.307086747205198
0.307923602061219
0.308678889018045
0.309862413272795
0.311828857625113
0.312925249789776
0.31416399940927
0.314906349416786
0.315794874816844
0.317430047621471
0.318413068976419
0.319530625371138
0.320357289288277
0.321198396427787
0.322632461557788
0.323550534140076
0.324609319256143
0.325445686152888
0.326309170104367
0.327703150719217
0.328609858253451
0.32964316208693
0.330461431674263
0.331310762803909
0.332652060397298
0.333648201711466
0.334644224172129
0.335362642992432
0.336123696505066
0.336888042443597
0.337605409848216
0.338670798485655
0.339733781287546
0.341059275511534
0.343342145069867
0.344717728186171
0.346265717892333
0.347212184661714
0.348382331329242
0.349361597781758
0.350468096769896
0.352343989110678
0.353522251431815
0.354900725740877
0.355929251461231
0.357053529377947
0.357928678582453
0.35893593322754
0.359854675294355
0.360913361966983
0.362614836951226
0.363733170506172
0.365012695488831
0.365995533243808
0.367066251530801
0.367920272262866
0.368902115106216
0.36978051932744
0.370796559636973
0.371735226781008
0.372764253204069
0.374162799079975
0.375437798058351
0.377251586021394
0.378488674961918
0.379995738673772
0.38129486960108
0.382769957595784
0.38403604735027
0.385444528527195
0.386695295841365
0.388080536493078
0.389342183781988
0.390716584392602
0.391974272150938
0.393321855769623
0.394866189115073
0.396296237821979
0.397307438423919
0.398341455848915
0.400099285123996
0.401519923214581
0.402608721223602
0.403602051409079
0.404632426925654
0.405659901512571
0.406788321570991
0.407916363576079
0.409084290182711
0.410222030136277
0.411348136463198
0.412229593330607
0.414256788454765
0.416056487210016
0.418082151676331
0.419764836309126
0.421650320832099
0.423205466864769
0.425017320358059
0.426530591241977
0.428336739840995
0.429835972519464
0.430805777777013
0.432065785571459
0.433480648504088
0.435164937497414
0.436668522905698
0.438283665511188
0.439646924425903
0.441185066878904
0.442526683678229
0.444111227351648
0.445483262397878
0.446489650460722
0.447602144634436
0.448823937068992
0.45033748633405
0.4517525337825
0.453313290090907
0.4546281453723
0.455562287768897
0.456716758947454
0.458212464105203
0.460470996266061
0.462612275440853
0.464120437401386
0.466018388395182
0.467830519156753
0.470049003347794
0.471954001980159
0.473196572886221
0.474793635587078
0.476421499408224
0.478452425825915
0.480248744950141
0.481538359157607
0.482947677369887
0.484389833900247
0.486258936092141
0.487997574910648
0.489326559273144
0.490770605399797
0.492185715736828
0.493974553777508
0.495622409554676
0.496898881801095
0.498316420741142
0.499680060721536
0.500921586074928
0.502358553155672
0.503791660748235
0.505220887520511
0.506978031015407
0.508974414285735
0.511599270409256
0.513731026273692
0.515202886235301
0.51711028197625
0.51912395817921
0.521849743957749
0.523995279805486
0.525268096749221
0.527278481539341
0.529045179264582
0.530487617141159
0.532293644345526
0.534080769096256
0.535652042849956
0.537532165875324
0.539308870787803
0.540796465344472
0.542562310803989
0.544255681132455
0.545718120881626
0.547473757952184
0.549148366568587
0.550578032385031
0.551805303892495
0.553285049389748
0.554896918796015
0.556420446671117
0.557632987575565
0.559921866187826
0.562266699780752
0.564387293206238
0.566905942828481
0.569272655130119
0.571201822857591
0.573548793454472
0.575763777365391
0.577620168056582
0.579144916716208
0.581117557165669
0.583202706822403
0.585109062716726
0.58673226930662
0.588644051400716
0.590629516106333
0.592437621376804
0.594571144411177
0.596568925727149
0.598228206117488
0.59959842797602
0.601359094853885
0.603219676783017
0.604937830634852
0.60640721629382
0.608172513524122
0.609956655228734
0.611563665552817
0.612951713422248
0.61422904166319
0.616465006013648
0.619074082942344
0.621829744986263
0.624247376040929
0.626229025198383
0.628010384327558
0.630610915737639
0.632988231006303
0.634999689786447
0.636731567794035
0.638737361447831
0.641002370297886
0.64315785247765
0.64504314797841
0.646721747231693
0.648915280770325
0.65115063756781
0.653119090421491
0.654734742766781
0.656215150738511
0.658235544319501
0.660349356813721
0.662238884214949
0.663793595188128
0.665189658682279
0.667098856037846
0.669101249785803
0.670894571753216
0.672380374426481
0.672813103015854
0.675894593343252
0.678892869542242
0.681446999195693
0.683495570093296
0.685320253295418
0.68736990246457
0.690417462155955
0.693035300114742
0.695090884241554
0.696762907379807
0.698416035417463
0.700349043988809
0.702635956878361
0.705046011579131
0.707181099121159
0.708987979041506
0.710600859024087
0.712246434567132
0.714062788619023
0.716467272456845
0.718791788762198
0.720699803472637
0.722201557016054
0.723538894739007
0.724989289690101
0.726650365353799
0.728373288529726
0.730484301124781
0.732484804456579
0.733613451082526
0.735884462890948
0.73824600388418
0.740548315260938
0.74271057409472
0.7448001927822
0.746946142268844
0.750079184931449
0.752757631625857
0.754875593693356
0.756599654201114
0.758209383536979
0.759923641810086
0.761788519712089
0.763701870657471
0.765556254503818
0.767355566940677
0.769803175548575
0.772159151131275
0.774239962079828
0.775924713711599
0.777346349632547
0.778725215303174
0.780210164028215
0.781806157125486
0.783423454177699
0.784989052525185
0.786510354493169
0.788040609834928
0.789597612238021
0.790592627507342
0.792843400324982
0.79506777967367
0.797398536184407
0.800017878238653
0.803015413704954
0.805681466574579
0.807860994698198
0.809658849055545
0.81128975840399
0.81293178287551
0.814651771357762
0.816418480452198
0.818169436347828
0.81987055686684
0.821530094780664
0.823173961347853
0.824814845998188
0.826448881276469
0.828063601649397
0.829654718264926
0.83122720381926
0.832785412481807
0.834327229161711
0.83584918703802
0.837351787812637
0.839456584554123
0.840815942151595
0.842449803586827
0.844187830526306
0.844421174637637
0.846359061976359
0.848463147756178
0.850598464976211
0.852596469052266
0.854437960300259
0.856204107909065
0.857964117889911
0.859722230029487
0.861448060190861
0.863124929019438
0.864761372302391
0.866371485253121
0.867958437976406
0.869517230313298
0.871044996970304
0.872544019178563
0.874017367725056
0.875465474338575
0.87688774670762
0.878284367602356
0.87965664196709
0.881005368705589
0.882330760197369
0.88363312466998
0.884913088729873
0.886171276943769
0.887408132906702
0.888624062580381
0.889819548350243
0.890391189508132
0.892204079625951
0.893991606230081
0.895767829723157
0.897473591901194
0.899088693693751
0.900639120685508
0.902153474705779
0.903638884677271
0.905089263457099
0.906500772945765
0.907876180561001
0.909220310949803
0.910535865024611
0.911823351409021
0.91308295013663
0.914315532434193
0.915522401041396
0.916704706797858
0.917863278493296
0.918998786668186
0.92011199639136
0.921203424021967
0.92227384905788
0.923323951025559
0.924354379474798
0.925365718652218
0.926358506149843
0.927333261289497
0.928290495029574
0.929100464972413
0.930812408832081
0.93280563926658
0.934563490123142
0.93599092323953
0.937225430032761
0.938408066152083
0.939604073391886
0.940809392877065
0.941998111122093
0.943152733236687
0.94427024388841
0.945317512386105
0.944904542650837
0.94616769291358
0.946145260517816
0.947751971598112
0.947892825161682
0.948187114681141
0.949046498861344
0.949969165322892
0.950862997898463
0.951719629563922
0.952548833261379
0.95299730108519
0.953552926939826
0.953715101878122
0.955003825438049
0.955459131579563
0.956170325442441
0.956184830231813
0.957370137735673
0.958729532677254
0.960102043284218
0.961315887646982
0.962378489743174
0.963368729819177
